0.0 -0.5050877868191469 2.49167627814627 3.743326045750379
0.1 -1.0331997677601767 2.4437472550855737 4.102476261434787
0.2 -1.6364016995063797 2.391921731960193 4.486705655984565
0.30000000000000004 -2.1048618026083856 2.0442725150447414 4.774984626070962
0.4 -2.3913745548944867 1.5354839436309968 4.907670691946071
0.5 -2.7209756642263883 1.0578597469993012 4.934209266712154
0.6 -2.793760385469592 0.48185864404438317 4.86002344884486
0.7 -2.9265487145597944 -0.08549027725079633 4.718706130828625
0.7999999999999999 -2.7642738853344415 -0.6449148687531555 4.478553954081619
0.8999999999999999 -2.6555604287326102 -1.2153372912697173 4.216294003635243
0.9999999999999999 -2.2759637731550098 -1.6566644168194633 3.9515592640923076
1.0999999999999999 -1.949999107546902 -2.1287867771605846 3.7352109078833027
1.2 -1.4337382115803938 -2.38322188055018 3.5997559996235142
1.3 -0.9598713440910968 -2.699833484107922 3.556685369687423
1.4000000000000001 -0.43355780458589166 -2.74481171172745 3.6138017749452773
1.5000000000000002 -0.11987622525775261 -2.8804868255587204 3.756254265720321
1.6000000000000003 -0.1167972056996367 -2.806501552384489 3.9508408510784405
1.7000000000000004 -0.12015381040828159 -2.8871568751648895 4.184296523304053
1.8000000000000005 -0.11683529473463203 -2.8074167877722105 4.395204932085688
1.9000000000000006 -0.12071948679715676 -2.9007494234969804 4.600515794616294
2.0000000000000004 -0.1169330898175786 -2.809766690327337 4.719540260937922
2.1000000000000005 -0.12036612870918693 -2.892258637981227 4.813343672635746
2.2000000000000006 -0.11650172070609695 -2.799401390286364 4.802575167228892
2.3000000000000007 -0.11999371865040057 -2.8833100556769957 4.780032499986657
2.400000000000001 -0.11640324072508691 -2.7970350304241753 4.675003021907154
2.500000000000001 -0.12019036080825954 -2.8880351389355337 4.588288074378977
2.600000000000001 -0.13601334685505737 -2.804811579212772 4.459533285926736
2.700000000000001 -0.1747512938112965 -2.8956662596597376 4.373916812562045
2.800000000000001 -0.23869690232433735 -2.803890272049604 4.281404124633997
2.9000000000000012 -0.318879690977397 -2.8846749470314608 4.238482884145829
3.0000000000000013 -0.39776751106347386 -2.780520120261148 4.204239608569286
3.1000000000000014 -0.4888124928631993 -2.85279607366207 4.208348130066038
3.2000000000000015 -0.5545920993241295 -2.745137454609884 4.216739401180211
3.3000000000000016 -0.6320548254522124 -2.8197128252765142 4.246807713812964
3.4000000000000017 -0.6679483719056754 -2.7198539546417195 4.267833289292117
3.5000000000000018 -0.7160584153096325 -2.804454506995548 4.302876864872598
3.600000000000002 -0.7151304256876118 -2.7157414301270175 4.318155135420685
3.700000000000002 -0.7262491019452543 -2.809345108297285 4.3533840979592835
3.800000000000002 -0.6905303743808404 -2.7277652445742033 4.363485364449245
3.900000000000002 -0.6670252795823569 -2.825064212657967 4.405399073022382
4.000000000000002 -0.6083133562672307 -2.745820443769744 4.418127994143897
4.100000000000001 -0.5637270327629843 -2.8434018610441782 4.469037500863017
4.200000000000001 -0.5010897562006686 -2.7642421896955818 4.484300294119708
4.300000000000001 -0.455582248559929 -2.861191420857126 4.532663902616244
4.4 -0.40778091766457614 -2.780483510503431 4.537335821161381
4.5 -0.3791725253838567 -2.8754685184737285 4.561891462772605
4.6 -0.35677878759728837 -2.7906324204117503 4.538495470419424
4.699999999999999 -0.3536040342317076 -2.8815534315057727 4.523675163030677
4.799999999999999 -0.35640681384746625 -2.790966332254059 4.466437892505441
4.899999999999999 -0.37709025624717246 -2.877400723974275 4.417690018204731
4.999999999999998 -0.3970878226022739 -2.782458750600117 4.342741031146477
5.099999999999998 -0.43348100211177876 -2.866589656873807 4.288766033462339
5.1999999999999975 -0.4596147276001476 -2.770650938718162 4.22844942725898
5.299999999999997 -0.5010265752788857 -2.8551966232532413 4.206128466586717
5.399999999999997 -0.522723575380048 -2.7608190681076854 4.1893575140154615
5.4999999999999964 -0.5587980010321288 -2.8468914050895715 4.2204122119682195
5.599999999999996 -0.5681692185691756 -2.7548027752555386 4.252641202163944
5.699999999999996 -0.591203957517801 -2.8423141239101475 4.328576070040272
5.799999999999995 -0.5847268793575412 -2.7526149390052126 4.386487767911998
5.899999999999995 -0.5917325971751903 -2.84180015324697 4.473027349211415
5.999999999999995 -0.5711146011657777 -2.754735464776271 4.518187370878596
6.099999999999994 -0.5645678388523238 -2.846075756999363 4.575982734117689
6.199999999999994 -0.5358524059218857 -2.7612021704889744 4.577854255472938
6.299999999999994 -0.5223328585477218 -2.8541834763914102 4.5853348554347
6.399999999999993 -0.4933339018988342 -2.7697397906673116 4.538659803629173
6.499999999999993 -0.4806472108749256 -2.8626683429027278 4.503098573373784
6.5999999999999925 -0.4579691020820822 -2.776509580615678 4.429545465517654
6.699999999999992 -0.45226250784732586 -2.867800472052913 4.38073391084165
6.799999999999992 -0.43933439043650313 -2.778957951814112 4.314702041484826
6.8999999999999915 -0.44347944831884417 -2.8683495587464742 4.286093298178019
6.999999999999991 -0.44018352943254613 -2.777498742645743 4.2540295734697695
7.099999999999991 -0.4536509258767824 -2.8658294013473795 4.263509622670242
7.19999999999999 -0.45711455735450196 -2.774266208444779 4.269828615336726
7.29999999999999 -0.4767857301966967 -2.862283764959461 4.311936604198012
7.39999999999999 -0.48265428523730874 -2.770784942033691 4.3397103273574755
7.499999999999989 -0.5040595555414399 -2.8586028169519775 4.392804822726901
7.599999999999989 -0.5078879837199525 -2.76742201555717 4.416999656629939
7.699999999999989 -0.526638218701761 -2.8550906503796125 4.458675633515034
7.799999999999988 -0.5251905257749989 -2.764591662700091 4.461809813785674
7.899999999999988 -0.5383088694818753 -2.852658970930171 4.4815478468641
7.999999999999988 -0.5304214197240762 -2.763381219807639 4.461712888769342
8.099999999999987 -0.5371245710124273 -2.8525411551043995 4.463560444033374
8.199999999999987 -0.5238097214999289 -2.7645726238523487 4.431452963689132
8.299999999999986 -0.5254497170271875 -2.8548963244198644 4.427360671859206
8.399999999999986 -0.5092459679407996 -2.7675174391599673 4.396562620452261
8.499999999999986 -0.5085310332378611 -2.858331554480685 4.396794754790065
8.599999999999985 -0.49245282911721633 -2.770538250179916 4.3749088363692925
8.699999999999985 -0.4923636973590492 -2.8610990302589987 4.3823944128436745
8.799999999999985 -0.47889474327432935 -2.7723990344497054 4.368507839433417
8.899999999999984 -0.4817265372921753 -2.8624600668412072 4.379941750769192
8.999999999999984 -0.4721638500589818 -2.7730201107379435 4.368636245306182
9.099999999999984 -0.47895646454160645 -2.862685917939626 4.379946151264493
9.199999999999983 -0.4732202301752471 -2.7728538538902394 4.367482104559499
9.299999999999983 -0.48365451297769296 -2.862150089157153 4.378457216007723
9.399999999999983 -0.4805277705893797 -2.7720951153278173 4.365866497999083
9.499999999999982 -0.4932325765329723 -2.8609193691181827 4.380144336113444
9.599999999999982 -0.4908968645415869 -2.770744329431142 4.371193316501029
9.699999999999982 -0.5040236671403172 -2.859173273803062 4.3921097575270895
9.799999999999981 -0.5006973785672502 -2.7691325856822977 4.388564651995912
9.89999999999998 -0.5125574077471015 -2.857551061875848 4.4148427283714256
9.99999999999998 -0.5070305133156923 -2.767952987625303 4.413446793121907
10.09999999999998 -0.5165871479458397 -2.8567785741579623 4.438603686267181
10.19999999999998 -0.5085036099381721 -2.7676963563962724 4.432457553647907
10.29999999999998 -0.515589546553533 -2.857056549143987 4.448684229357574
10.399999999999979 -0.5054297945441664 -2.768259549922776 4.432100879875483
10.499999999999979 -0.5106642011848088 -2.8579931250585724 4.435860324126899
10.599999999999978 -0.4994728621200278 -2.7691758455750897 4.409028627070409
10.699999999999978 -0.503945138298585 -2.8590632512073277 4.404220254023135
10.799999999999978 -0.49292017337585076 -2.7700716896520645 4.3740336454700826
10.899999999999977 -0.49777378793400273 -2.859973245226988 4.370201348806029
10.999999999999977 -0.4878693025066792 -2.7708060983960685 4.346341242219482
11.099999999999977 -0.4939383273221362 -2.8606144663815014 4.352912230541218
11.199999999999976 -0.48561051445998726 -2.7712946677693258 4.341743004079653
11.299999999999976 -0.49321872431687974 -2.860875052559666 4.362148050825063
11.399999999999975 -0.4863717426087971 -2.7713992962359884 4.3626160571608406
11.499999999999975 -0.4953252613543989 -2.8606536795767474 4.392247215078475
11.599999999999975 -0.4894335407098336 -2.771054060138577 4.3965656555992885
11.699999999999974 -0.4991676769397039 -2.860026307411818 4.425824797118781
11.799999999999974 -0.4935020387586182 -2.770409317258172 4.424378370496167
11.899999999999974 -0.5033090938544251 -2.8592791676219993 4.444618897727633
11.999999999999973 -0.4971844577455139 -2.769762684749318 4.431740328976565
12.099999999999973 -0.506446923534141 -2.858725082476911 4.440178001745913
12.199999999999973 -0.49942149493320404 -2.7693496035789233 4.417113090917002
12.299999999999972 -0.5077858285721435 -2.8585082037865797 4.417776537795578
12.399999999999972 -0.49976146034500235 -2.7692285248301873 4.3912429654623315
12.499999999999972 -0.5072072717041116 -2.8585894609474063 4.391795576623094
12.599999999999971 -0.4984098735230333 -2.7693432276205097 4.369449182686841
12.69999999999997 -0.5052030311595103 -2.8588675093825784 4.376292571099909
12.79999999999997 -0.4960612590369249 -2.769628589676654 4.36221634082051
12.89999999999997 -0.5026212948875161 -2.859258275875898 4.377078932726546
12.99999999999997 -0.49359799206303395 -2.770022547723004 4.3700575129390895
13.09999999999997 -0.5003399529420532 -2.8596699907573773 4.389941491539462
13.199999999999969 -0.4917828222320855 -2.7704181591412795 4.385186952175615
13.299999999999969 -0.4989928161396477 -2.859975248363181 4.405154349859746
13.399999999999968 -0.4910503397742896 -2.770675075255477 4.397852982074599
13.499999999999968 -0.4988261482116858 -2.8600658681093307 4.4143856510356185
13.599999999999968 -0.49143909061855134 -2.770706147585418 4.402512628758202
13.699999999999967 -0.4996960580703656 -2.859933966161398 4.415194899655432
13.799999999999967 -0.49264898247874545 -2.770536883713354 4.39995258318799
13.899999999999967 -0.5011746189221128 -2.8596741915117545 4.41074760100482
13.999999999999966 -0.49418285374190474 -2.7702694494696956 4.394843653239337
14.099999999999966 -0.5027187906228904 -2.8594044249108976 4.405988740616942
14.199999999999966 -0.4955243612725729 -2.770003512450841 4.391371490170132
14.299999999999965 -0.5038512923293601 -2.859198725641418 4.403665962353765
14.399999999999965 -0.49629948374388355 -2.76980159803811 4.390399614158891
14.499999999999964 -0.5042986550707854 -2.8590889386075125 4.4030486005046505
14.599999999999964 -0.4963710059178809 -2.7697050351859627 4.389901976624566
14.699999999999964 -0.5040433203200227 -2.859092451214736 4.4017386482469725
14.799999999999963 -0.4958399546231866 -2.769741036010293 4.3877133483672965
14.899999999999963 -0.5032827052035618 -2.859208543410337 4.398594704219065
14.999999999999963 -0.49496921443515124 -2.7698983845305474 4.384017132171166
15.099999999999962 -0.5023282551294366 -2.859395698372935 4.395185365619509
15.199999999999962 -0.4940735743579214 -2.770113271616006 4.381488200605108
15.299999999999962 -0.5014927681952359 -2.8595788387436203 4.394618332820208
15.399999999999961 -0.49341952214962137 -2.770299110402113 4.3830619597272955
15.499999999999961 -0.5010016459034233 -2.859691975340791 4.3987989221198225
15.59999999999996 -0.49315894202253585 -2.7703956284436884 4.389226511318479
15.69999999999996 -0.5009439203261379 -2.859712533947943 4.406412094197545
15.79999999999996 -0.4933045834357621 -2.770390796214955 4.397074364665553
15.89999999999996 -0.5012672825751882 -2.8596572965719043 4.413318283797819
15.99999999999996 -0.49374726390415075 -2.7703068543235387 4.401954375224252
16.09999999999996 -0.5018142387212436 -2.859557495391487 4.41518019731166
16.19999999999996 -0.4943069234257296 -2.770179010051335 4.40058229093735
16.29999999999996 -0.5023858784302238 -2.8594444061312982 4.410454948126406
16.399999999999963 -0.49479875001861195 -2.770047111065835 4.393382262255175
16.499999999999964 -0.5028093586168263 -2.8593493842749336 4.40160568888389
16.599999999999966 -0.49509000160586714 -2.7699521222167163 4.384381262000002
16.699999999999967 -0.502985316887964 -2.8593010495531535 4.393651813698947
16.79999999999997 -0.49512978995007906 -2.769924106730633 4.378708630127729
16.89999999999997 -0.5029034715000698 -2.8593128196565245 4.391037167976917
16.99999999999997 -0.4949483521334977 -2.769966951842225 4.379403015134674
17.099999999999973 -0.5026292694002812 -2.8593736081255936 4.394924490890724
17.199999999999974 -0.49463380155342135 -2.770055966488291 4.385647761202444
17.299999999999976 -0.5022725114273425 -2.8594541968266793 4.402663132145154
17.399999999999977 -0.4942979507092046 -2.7701527633251963 4.3935080620709375
17.49999999999998 -0.5019496758614956 -2.8595243541867497 4.409649305796888
17.59999999999998 -0.49404145518311415 -2.7702246446191476 4.398533124308953
17.69999999999998 -0.5017499031931014 -2.859565554089061 4.41222259632156
17.799999999999983 -0.49392673875616155 -2.7702544962241316 4.398425084665995
17.899999999999984 -0.5017129834383117 -2.859572224394968 4.409688802477048
17.999999999999986 -0.4939653160942855 -2.7702401067668356 4.394099593294089
18.099999999999987 -0.5018247410054133 -2.8595475112162685 4.404306669764332
18.19999999999999 -0.4941221102846693 -2.7701907798080176 4.388667247311791
18.29999999999999 -0.5020295543328118 -2.8595012906408566 4.399501024891032
18.39999999999999 -0.4943333271658029 -2.7701252614568923 4.385243931449304
18.499999999999993 -0.5022535162179317 -2.859449769728819 4.397658580166031
18.599999999999994 -0.4945297923315072 -2.7700675025649293 4.385126404438868
18.699999999999996 -0.502428839793244 -2.8594112274555545 4.39894487706905
18.799999999999997 -0.4946573686694674 -2.7700375792591974 4.387419805183099
18.9 -0.5025119578445432 -2.8593977725627937 4.401715277528615
19.0 -0.49468943431318646 -2.7700425648497298 4.390101430248884
19.1 -0.5024919135497635 -2.8594098435101665 4.403968766606726
19.200000000000003 -0.49463012658572736 -2.7700747417859124 4.391566766677915
19.300000000000004 -0.5023889063174086 -2.859438301444732 4.404697404683212
19.400000000000006 -0.49450916026062364 -2.7701180289047147 4.391542247840147
19.500000000000007 -0.5022446039583691 -2.8594710814598825 4.404251497360171
19.60000000000001 -0.494370252733935 -2.7701563970563345 4.390871366293625
19.70000000000001 -0.5021073433641282 -2.859498108352047 4.403669557025294
19.80000000000001 -0.4942566698854614 -2.770178738599655 4.390549253054073
19.900000000000013 -0.5020169023098627 -2.859512609984803 4.403659117308189
20.000000000000014 -0.49419849875491323 -2.7701803103250033 4.390854847181727
20.100000000000016 -0.5019937420114625 -2.859511583400971 4.404054685649183
20.200000000000017 -0.49420552810020596 -2.770163210781953 4.391227483625947
20.30000000000002 -0.5020356148180004 -2.8594969703670827 4.404102128863125
20.40000000000002 -0.49426713991517485 -2.770135838092163 4.390886642775919
20.50000000000002 -0.5021213770992116 -2.8594755677886146 4.403243644649543
20.600000000000023 -0.4943580561391473 -2.770109658103056 4.3896204223574395
20.700000000000024 -0.5022196530919356 -2.859455997219955 4.401718006598933
20.800000000000026 -0.49444744029516946 -2.770094011793068 4.388082244593067
20.900000000000027 -0.5022992717434451 -2.8594445584902375 4.400481964799001
21.00000000000003 -0.494508561679334 -2.7700923587120365 4.387357401874186
21.10000000000003 -0.5023384973514519 -2.859443156365195 4.40051390704246
21.20000000000003 -0.49452635676516044 -2.7701022547352543 4.38813953899417
21.300000000000033 -0.5023305457613014 -2.859450073183855 4.4020411494017235
21.400000000000034 -0.49450077808651566 -2.7701180086283577 4.390151744284445
21.500000000000036 -0.5022839499283028 -2.8594617748348514 4.404284782451226
21.600000000000037 -0.4944451262808339 -2.7701334786472294 4.392255722252505
21.70000000000004 -0.5022180664953914 -2.859474156646764 4.405924947147028
21.80000000000004 -0.4943803358071583 -2.77014379575547 4.393181163722249
21.90000000000004 -0.5021557042882095 -2.8594833607837566 4.405962284775351
22.000000000000043 -0.4943275401372039 -2.770146373591101 4.392362143454334
22.100000000000044 -0.5021156281927942 -2.8594868146617722 4.404374055968199
22.200000000000045 -0.49430152174290176 -2.7701415216374063 4.390302735346909
22.300000000000047 -0.5021073081317083 -2.8594842010098898 4.402120441005806
22.40000000000005 -0.494306949749237 -2.7701322145902565 4.388236034781065
22.50000000000005 -0.502129189251076 -2.8594774729632224 4.400515528577813
22.60000000000005 -0.49433816625821914 -2.7701226862770856 4.387329317357348
22.700000000000053 -0.5021705357542529 -2.8594697098528497 4.400403950774503
22.800000000000054 -0.49438216183380235 -2.770116479638653 4.387977866976835
22.900000000000055 -0.5022158817410126 -2.859463635895575 4.401687403604996
23.000000000000057 -0.49442350432781057 -2.7701151176068093 4.389635850598363
23.10000000000006 -0.5022504568800704 -2.859460751836721 4.4034768633132675
23.20000000000006 -0.4944494963377831 -2.770118005038872 4.391246041681729
23.30000000000006 -0.5022647786987106 -2.859461274691866 4.4047157222975555
23.400000000000063 -0.4944538862522505 -2.7701232142242667 4.391935447550427
23.500000000000064 -0.5022570123085894 -2.8594644449538404 4.4048294359379945
23.600000000000065 -0.4944380756772957 -2.770128444625523 4.391506573426301
23.700000000000067 -0.502232579075186 -2.859468853853332 4.403989135714709
23.800000000000068 -0.49440972079390794 -2.7701317905050153 4.390440650691338
23.90000000000007 -0.502201486730596 -2.8594728542729224 4.402875858741744
24.00000000000007 -0.4943795080275011 -2.770132310461098 4.389480767978982
24.100000000000072 -0.5021745444432947 -2.85947515212548 4.402169874238633
24.200000000000074 -0.4943573650767428 -2.7701303251895313 4.3891262676671765
24.300000000000075 -0.5021598106557302 -2.8594753207623604 4.402136324531443
24.400000000000077 -0.4943493676354768 -2.770127198803314 4.389379415293773
24.500000000000078 -0.502160357763907 -2.8594738429246864 4.402559173573402
24.60000000000008 -0.4943562365627967 -2.770124576226717 4.389866129742552
24.70000000000008 -0.5021739066648165 -2.8594716569620258 4.403004100395523
24.800000000000082 -0.49437374606064066 -2.770123517769129 4.390181955288237
24.900000000000084 -0.5021942508618167 -2.8594696180169894 4.403171473507641
25.000000000000085 -0.49439472504313453 -2.7701240980947794 4.3901840941968695
25.100000000000087 -0.5022138111568913 -2.8594682459416974 4.4030769089761534
25.200000000000088 -0.49441181492690933 -2.7701256264400658 4.390032208238187
25.30000000000009 -0.5022263278051176 -2.859467742103973 4.402960148119299
25.40000000000009 -0.49441995039582015 -2.770127171069303 4.389990409342847
25.500000000000092 -0.502228750208706 -2.859468052314251 4.403034411504668
25.600000000000094 -0.49441774039923364 -2.770128007009102 4.390176010963053
25.700000000000095 -0.5022217886005619 -2.859468902297761 4.403291514637904
25.800000000000097 -0.4944074232889406 -2.7701278513263925 4.390457532662901
25.900000000000098 -0.502209135217825 -2.8594698973900172 4.403511116153094
26.0000000000001 -0.49439360897037615 -2.7701269125467776 4.3905701086121285
26.1000000000001 -0.5021958082822042 -2.859470702079509 4.403452184624876
26.200000000000102 -0.4943813984611354 -2.770125760466349 4.390343928862577
26.300000000000104 -0.5021862920125534 -2.8594711673886826 4.403065604036525
26.400000000000105 -0.4943745986192817 -2.7701250282818553 4.3898605036086025
26.500000000000107 -0.5021831209232986 -2.859471309094149 4.402558486770897
26.600000000000108 -0.49437462748522876 -2.7701250802913355 4.389414592162989
26.70000000000011 -0.5021863265089577 -2.8594712025671645 4.4022597855649925
26.80000000000011 -0.49438039416344925 -2.7701258476468533 4.389310357466221
26.900000000000112 -0.5021938149734665 -2.859470919703665 4.402387596678857
27.000000000000114 -0.49438905615352896 -2.770126920115101 4.389643062530636
27.100000000000115 -0.5022024077757153 -2.8594705373160116 4.402889178106411
27.200000000000117 -0.49439725755067643 -2.770127793856542 4.390224839920692
27.300000000000118 -0.5022090825628305 -2.8594701515494116 4.4034683949250795
27.40000000000012 -0.4944023431604023 -2.7701281034332683 4.390705862094603
27.50000000000012 -0.5022119579317279 -2.859469852564413 4.403779210415914
27.600000000000122 -0.49440313755734966 -2.7701277405553926 4.390803268008652
27.700000000000124 -0.5022107325219566 -2.859469687255508 4.403648824882617
27.800000000000125 -0.4944000985132544 -2.7701268614521153 4.390479209923994
27.900000000000126 -0.5022065228336752 -2.859469655743838 4.4031795698523934
28.000000000000128 -0.4943948963716471 -2.770125816438501 4.3899517796476
28.10000000000013 -0.5022012525189533 -2.859469740110956 4.402668556635788
28.20000000000013 -0.49438965207673236 -2.7701250219061273 4.389541714010848
28.300000000000132 -0.502196869236415 -2.85946992534083 4.402409585191963
28.400000000000134 -0.4943861432166626 -2.770124800054593 4.389466680612586
28.500000000000135 -0.5021946806082591 -2.859470189375184 4.402514761818397
28.600000000000136 -0.4943852527627937 -2.77012524326402 4.3897203539585705
28.700000000000138 -0.5021950178823102 -2.859470481837157 4.40286841251397
28.80000000000014 -0.49438681361133135 -2.770126171210503 4.390105195342658
28.90000000000014 -0.5021972923620301 -2.8594707244805444 4.403228439608376
29.000000000000142 -0.49438984299337035 -2.770127208335759 4.390380317854516
29.100000000000144 -0.5022003618005579 -2.859470839756846 4.403392538868389
29.200000000000145 -0.49439302423473647 -2.77012794361075 4.390415129269169
29.300000000000146 -0.5022030265008062 -2.859470784690761 4.403314276105004
29.400000000000148 -0.4943952266442784 -2.770128096310218 4.390249228768409
29.50000000000015 -0.5022044578384424 -2.8594705682028208 4.403101648799267
29.60000000000015 -0.4943958727706229 -2.7701276212467687 4.3900338297742625
29.700000000000152 -0.5022044191421843 -2.8594702502200033 4.402917330631727
29.800000000000153 -0.49439504615056207 -2.7701267209552483 4.389911853447027
29.900000000000155 -0.5022032363243427 -2.8594699291358414 4.402862295242173
30.000000000000156 -0.494393341779149 -2.770125763441584 4.389926508243636
30.100000000000158 -0.5022015718449336 -2.859469715908378 4.402923492043948
30.20000000000016 -0.49439155447944344 -2.7701251319515507 4.390015437341731
30.30000000000016 -0.5022001180761602 -2.859469692714643 4.4030103214599405
30.400000000000162 -0.49439034705997253 -2.770125064163386 4.390079998087003
30.500000000000163 -0.5021993380108359 -2.8594698719809113 4.403039262704122
30.600000000000165 -0.49439002798229315 -2.770125554657742 4.390068053119309
30.700000000000166 -0.5021993432180253 -2.8594701842655477 4.40299784881677
30.800000000000168 -0.4943905063623148 -2.770126369651747 4.390007642890311
30.90000000000017 -0.502199930352838 -2.859470508068649 4.402943554598642
31.00000000000017 -0.4943914104296195 -2.770127162834325 4.3899728545491286
31.100000000000172 -0.5022007305264236 -2.8594707241558703 4.402946613936172
31.200000000000173 -0.49439229181008926 -2.7701276286028587 4.390015645561192
31.300000000000175 -0.5022013894780368 -2.859470762932122 4.403026745608815
31.400000000000176 -0.4943928175881212 -2.7701276198386102 4.390119639270651
31.500000000000178 -0.5022017011033377 -2.859470624942618 4.403133876205009
31.60000000000018 -0.49439287606060606 -2.770127187239674 4.390210774836491
31.70000000000018 -0.5022016518337923 -2.8594703732321496 4.403185934983823
31.800000000000182 -0.4943925713989241 -2.7701265373621706 4.390214398021533
31.900000000000183 -0.5022013776272994 -2.859470105651165 4.40313280074697
32.000000000000185 -0.4943921319047738 -2.7701259364855906 4.390113888795718
32.100000000000186 -0.5022010697496803 -2.8594699174715754 4.4029971463005175
32.20000000000019 -0.49439178665223216 -2.770125602844303 4.389966572094041
32.30000000000019 -0.5022008789830349 -2.859469867084404 4.4028618323745485
32.40000000000019 -0.49439166771903303 -2.7701256298930947 4.3898656413368
32.50000000000019 -0.502200858827148 -2.8594699580517764 4.402813589596159
32.60000000000019 -0.4943917737054477 -2.770125966931849 4.389876336912781
32.700000000000195 -0.5022009639901434 -2.859470144007992 4.402883882031017
32.800000000000196 -0.4943919978585321 -2.7701264566209716 4.389991986161301
32.9000000000002 -0.5022010937458382 -2.859470351504973 4.403028370400066
33.0000000000002 -0.49439219653789307 -2.770126905815654 4.390139734033551
33.1000000000002 -0.5022011524962084 -2.859470508563523 4.403157750708331
33.2000000000002 -0.49439226167544614 -2.770127158117668 4.390230020391527
33.3000000000002 -0.5022010976519703 -2.8594705677263685 4.403196819190563
33.400000000000205 -0.49439216599989605 -2.7701271433730525 4.390214333124418
33.500000000000206 -0.5022009555781103 -2.859470518120149 4.40313083672756
33.60000000000021 -0.4943919662848005 -2.7701268924463665 4.3901124752837095
33.70000000000021 -0.5022008029115698 -2.8594703856682404 4.403009596864943
33.80000000000021 -0.49439176900910714 -2.770126517436779 4.389993845165108
33.90000000000021 -0.5022007255002371 -2.8594702225398385 4.402910070340448
34.00000000000021 -0.49439167717042043 -2.770126166235412 4.389929056136622
34.100000000000215 -0.5022007752494526 -2.8594700884452693 4.402885810605833
34.200000000000216 -0.4943917424159923 -2.7701259669889846 4.389946277019309
34.30000000000022 -0.502200944295111 -2.859470029180901 4.402937243048545
34.40000000000022 -0.49439194244652046 -2.7701259818562254 4.39002000125381
34.50000000000022 -0.5022011673241852 -2.8594700602814007 4.403019534209026
34.60000000000022 -0.4943921920603287 -2.7701261872974885 4.390095472197594
34.70000000000022 -0.502201350258055 -2.859470162671994 4.403078046478194
34.800000000000225 -0.4943923818126345 -2.7701264883938688 4.390128067023231
34.900000000000226 -0.5022014120650813 -2.859470292118167 4.403084420690008
35.00000000000023 -0.4943924267495558 -2.7701267606209994 4.390109683645947
35.10000000000023 -0.5022013209761889 -2.859470397970526 4.40304948312337
35.20000000000023 -0.49439230378785626 -2.77012690100673 4.390066622338203
35.30000000000023 -0.5022011091745342 -2.8594704430252373 4.403007987330714
35.40000000000023 -0.4943920616826286 -2.7701268673649864 4.390034838438815
35.500000000000234 -0.502200859749283 -2.85947041667494 4.40298999039396
35.600000000000236 -0.4943917997365059 -2.7701266902937824 4.3900330610534315
35.70000000000024 -0.5022006718855796 -2.859470336747234 4.403000725730028
35.80000000000024 -0.49439162504263556 -2.770126454620699 4.39005285684966
35.90000000000024 -0.5022006195332371 -2.859470239923239 4.403021819324487
36.00000000000024 -0.4943916071731118 -2.7701262599147713 4.390070166429005
36.10000000000024 -0.5022007212714074 -2.8594701652247054 4.4030298111994375
36.200000000000244 -0.49439174991375384 -2.770126178289123 4.390066893832781
36.300000000000246 -0.5022009338830568 -2.8594701380784397 4.4030159895260725
36.40000000000025 -0.49439199169490866 -2.7701262279561663 4.390045219717134
36.50000000000025 -0.5022011716637357 -2.859470161936559 4.402992455587995
36.60000000000025 -0.4943922334537231 -2.7701263724631295 4.390024557908916
36.70000000000025 -0.5022013424181855 -2.8594702202066014 4.402981096062132
36.80000000000025 -0.49439238077776887 -2.770126542787235 4.3900249347466564
36.900000000000254 -0.5022013844015306 -2.8594702859737966 4.40299519942522
37.000000000000256 -0.4943923817371303 -2.7701266695625675 4.390050411150268
37.10000000000026 -0.5022012889531648 -2.8594703339697243 4.403028247542515
37.20000000000026 -0.4943922449220926 -2.7701267103667857 4.390085219421262
37.30000000000026 -0.502201100569801 -2.8594703496010063 4.403058164150752
37.40000000000026 -0.49439203178490715 -2.7701266618914167 4.390105111944734
37.50000000000026 -0.5022008960642971 -2.8594703323254227 4.403063398062143
37.600000000000264 -0.49439182857673136 -2.7701265549929417 4.39009507115124
37.700000000000266 -0.502200752754465 -2.8594702933957734 4.403038676666201
37.80000000000027 -0.49439171097517115 -2.7701264377346195 4.390060274033632
37.90000000000027 -0.5022007190613101 -2.8594702499177345 4.402999007422349
38.00000000000027 -0.49439171604953547 -2.7701263550115223 4.390022619454062
38.10000000000027 -0.5022007986472719 -2.859470217975585 4.402969395854759
38.20000000000027 -0.49439183168839873 -2.7701263327936183 4.390005723360823
38.300000000000274 -0.5022009528682365 -2.8594702073009386 4.402967946828655
38.400000000000276 -0.49439200567360114 -2.7701263716545563 4.390019230634818
38.50000000000028 -0.5022011188375937 -2.8594702189148515 4.4029942443427705
38.60000000000028 -0.49439216884889114 -2.7701264500741263 4.390053180005358
38.70000000000028 -0.5022012348198523 -2.859470245934927 4.403030603444936
38.80000000000028 -0.49439226224188965 -2.7701265347478534 4.390085624218871
38.90000000000028 -0.5022012628403708 -2.8594702768056526 4.403054541621782
39.000000000000284 -0.4943922577739411 -2.7701265935696116 4.390097505558322
39.100000000000286 -0.5022012004917257 -2.8594702997209835 4.403053371794455
39.20000000000029 -0.4943921657206482 -2.7701266068974464 4.390084375423989
39.30000000000029 -0.5022010786627273 -2.859470306833047 4.403031138736217
39.40000000000029 -0.49439202755507405 -2.7701265736670626 4.390057552356879
39.50000000000029 -0.5022009473064151 -2.8594702968965087 4.40300410074755
39.60000000000029 -0.4943918980951486 -2.7701265105679505 4.390035041625406
39.700000000000294 -0.5022008554611233 -2.8594702753896697 4.402988936615019
39.800000000000296 -0.49439182427866224 -2.7701264446904115 4.390029303605318
39.9000000000003 -0.502200833276983 -2.8594702519900235 4.402992232259906
40.0000000000003 -0.49439182849738245 -2.7701264023937977 4.39004026261566
40.1000000000003 -0.5022008824734785 -2.859470236381688 4.403007967414909
40.2000000000003 -0.49439190224727525 -2.7701263987833156 4.390057466599833
40.3000000000003 -0.5022009781158907 -2.85947023420307 4.403023574279014
40.400000000000304 -0.49439201175595926 -2.7701264321506067 4.390068702464016
40.500000000000306 -0.5022010802163207 -2.85947024494886 4.403029325276181
40.60000000000031 -0.4943921127146834 -2.770126485698113 4.390068375468814
40.70000000000031 -0.5022011500709915 -2.8594702627058175 4.403024252919728
40.80000000000031 -0.49439216793997254 -2.7701265356096285 4.390060010979797
40.90000000000031 -0.5022011647673825 -2.8594702792158118 4.403015086744935
41.00000000000031 -0.49439216097610245 -2.7701265616493185 4.39005203056011
41.100000000000314 -0.5022011244345169 -2.8594702876905833 4.4030099873551976
41.200000000000315 -0.49439210061935324 -2.770126555449468 4.390050743128587
41.30000000000032 -0.5022010500148166 -2.859470285582942 4.403012259124523
41.40000000000032 -0.49439201524407 -2.770126522964461 4.390055941505782
41.50000000000032 -0.502200973221604 -2.8594702751721934 4.403018572122215
41.60000000000032 -0.4943919399683453 -2.7701264804791803 4.390061966006076
41.70000000000032 -0.5022009232974699 -2.859470261947002 4.403022433534529
41.800000000000324 -0.4943919023629043 -2.7701264465587156 4.390062813048685
41.900000000000325 -0.50220091605937 -2.8594702517925277 4.403019746420159
42.00000000000033 -0.494391912533501 -2.770126433952308 4.3900570594128085
42.10000000000033 -0.5022009492989241 -2.8594702484231074 4.403012075192144
42.20000000000033 -0.4943919611045476 -2.7701264450324667 4.390048902163023
42.30000000000033 -0.5022010056710308 -2.8594702521781716 4.40300531546368
42.40000000000033 -0.49439202506953805 -2.7701264722731715 4.3900447867136325
42.500000000000334 -0.5022010611038663 -2.8594702604707436 4.403005044588268
42.600000000000335 -0.49439207828859727 -2.7701265027777873 4.390048394438078
42.70000000000034 -0.5022010947995398 -2.859470269359974 4.403012200652191
42.80000000000034 -0.4943921019220604 -2.7701265242500357 4.390057799473696
42.90000000000034 -0.5022010967472685 -2.8594702753388908 4.4030222883448245
43.00000000000034 -0.494392090716868 -2.7701265296838753 4.3900668091850505
43.10000000000034 -0.5022010701689652 -2.859470276570423 4.4030285738106585
43.200000000000344 -0.4943920532585958 -2.770126519160577 4.390069369215236
43.300000000000345 -0.5022010286267862 -2.8594702732438453 4.4030268305111235
43.40000000000035 -0.4943920069274921 -2.7701264986679415 4.390063774379848
43.50000000000035 -0.502200989604656 -2.8594702671534744 4.403018212694397
43.60000000000035 -0.49439197022317577 -2.7701264770091143 4.390053731856331
43.70000000000035 -0.5022009674545226 -2.859470260835391 4.403008329576245
43.80000000000035 -0.49439195571138417 -2.770126462279456 4.39004568881687
43.900000000000354 -0.5022009684243052 -2.859470256623444 4.4030033472777
44.000000000000355 -0.4943919661146135 -2.770126459153677 4.390044458803956
44.10000000000036 -0.5022009893309801 -2.8594702558972576 4.403005942308927
44.20000000000036 -0.4943919945363258 -2.770126467677215 4.390050213743554
44.30000000000036 -0.5022010198931158 -2.8594702586906404 4.403013838195859
44.40000000000036 -0.4943920281781917 -2.7701264836987223 4.390058756515831
44.50000000000036 -0.5022010474090226 -2.859470263743638 4.403021700358493
44.600000000000364 -0.49439205376402773 -2.7701265006443663 4.390064619952256
44.700000000000365 -0.5022010617879085 -2.859470268990122 4.4030248396319465
44.80000000000037 -0.4943920625189482 -2.770126512015683 4.390064679166444
44.90000000000037 -0.5022010590502444 -2.8594702723472625 4.403022104676532
45.00000000000037 -0.49439205296147004 -2.7701265137860647 4.390059841123017
45.10000000000037 -0.5022010421715614 -2.859470272538274 4.403016144894539
45.20000000000037 -0.49439203071622984 -2.770126505849982 4.390053911050135
45.300000000000374 -0.5022010192222962 -2.8594702696152012 4.403011174717249
45.400000000000375 -0.4943920056871486 -2.7701264919463493 4.390050722141248
45.50000000000038 -0.5022009997558308 -2.859470264930495 4.403010026176064
45.60000000000038 -0.4943919878626239 -2.7701264780346775 4.390051653579053
45.70000000000038 -0.5022009909719103 -2.859470260536446 4.403012541801004
45.80000000000038 -0.4943919834467168 -2.770126469763954 4.390055143457518
45.90000000000038 -0.5022009951492068 -2.8594702582694747 4.403016202004913
46.000000000000384 -0.4943919927836593 -2.770126470119753 4.390058250761657
46.100000000000385 -0.5022010092392266 -2.8594702589472125 4.40301824917391
46.20000000000039 -0.49439201076023137 -2.7701264782938666 4.390058914000672
46.30000000000039 -0.5022010265993689 -2.859470262059612 4.403017639586451
46.40000000000039 -0.4943920293452822 -2.7701264902617915 4.390057246942524
46.50000000000039 -0.5022010399918131 -2.8594702660849562 4.403015488434433
46.60000000000039 -0.4943920410804747 -2.7701265007415983 4.39005509371454
46.700000000000394 -0.5022010445315577 -2.8594702692458767 4.403013897992583
46.800000000000395 -0.4943920420235652 -2.77012650556554 4.390054388813619
46.9000000000004 -0.5022010393954891 -2.859470270315004 4.403014218738611
47.0000000000004 -0.4943920329822349 -2.7701265033561557 4.390055655381747
47.1000000000004 -0.5022010277169368 -2.859470269088818 4.403016078776333
47.2000000000004 -0.49439201868625005 -2.7701264958116307 4.390057728341586
47.3000000000004 -0.5022010148924367 -2.8594702663483935 4.403017818032284
47.400000000000404 -0.4943920054442637 -2.770126486621977 4.390058788984334
47.500000000000405 -0.5022010061607782 -2.8594702633928777 4.4030178770462305
47.600000000000406 -0.4943919984158203 -2.7701264796687752 4.3900578312690035
47.70000000000041 -0.502201004522644 -2.8594702614203156 4.4030160295761736
47.80000000000041 -0.49439199966878633 -2.7701264774010164 4.390055435701987
47.90000000000041 -0.5022010098064595 -2.8594702610559612 4.403013548575687
48.00000000000041 -0.4943920077259342 -2.77012648006199 4.390053315963522
48.10000000000041 -0.5022010191181132 -2.8594702622040384 4.403012239061099
48.200000000000415 -0.4943920185956782 -2.7701264859462547 4.390053034575292
48.300000000000416 -0.5022010283181543 -2.8594702642165903 4.403013101613321
48.40000000000042 -0.4943920276711187 -2.7701264923836124 4.390054863008365
48.50000000000042 -0.5022010338034549 -2.859470266237157 4.403015613491883
48.60000000000042 -0.49439203161699363 -2.770126496906842 4.3900576017319395
48.70000000000042 -0.5022010338498564 -2.8594702675434425 4.40301811629894
48.80000000000042 -0.4943920295021714 -2.770126498115687 4.390059444929883
48.900000000000425 -0.5022010290517982 -2.859470267767227 4.403018985824227
49.000000000000426 -0.49439202284878314 -2.7701264959933214 4.390059231875064
49.10000000000043 -0.5022010218126066 -2.8594702669545926 4.403017728535503
49.20000000000043 -0.49439201473940947 -2.7701264916953736 4.390057196354085
49.30000000000043 -0.5022010152077881 -2.859470265492328 4.403015252996897
49.40000000000043 -0.4943920084555356 -2.7701264869971434 4.390054730926996
49.50000000000043 -0.5022010117322165 -2.8594702639497864 4.403013183749658
49.600000000000435 -0.4943920062170969 -2.7701264836297104 4.390053393608433
49.700000000000436 -0.5022010124134001 -2.859470262884631 4.403012750072586
49.80000000000044 -0.49439200846880865 -2.7701264827058996 4.39005388404332
49.90000000000044 -0.5022010165754531 -2.859470262658846 4.403014029084641
50.00000000000044 -0.4943920139020826 -2.770126484384406 4.3900556769382035
50.10000000000044 -0.5022010222680605 -2.8594702633152584 4.403016016457979
50.20000000000044 -0.4943920201209316 -2.770126487860833 4.390057495402371
50.300000000000445 -0.5022010271334332 -2.8594702645615184 4.40301739684795
50.400000000000446 -0.4943920246472441 -2.7701264916940973 4.390058223813171
50.50000000000045 -0.502201029348214 -2.8594702658814115 4.4030174284064625
50.60000000000045 -0.4943920258705458 -2.7701264943694413 4.390057605075212
50.70000000000045 -0.5022010282810588 -2.8594702667425698 4.403016340686691
50.80000000000045 -0.4943920235962546 -2.770126494895832 4.390056283014333
50.90000000000045 -0.5022010246386222 -2.859470266818534 4.403015039397273
51.000000000000455 -0.49439201901263596 -2.7701264931949594 4.390055242189598
51.100000000000456 -0.502201020080399 -2.859470266124904 4.403014403439387
51.20000000000046 -0.49439201412266565 -2.7701264901064238 4.390055099472672
51.30000000000046 -0.5022010164883294 -2.85947026500259 4.40301470214741
51.40000000000046 -0.49439201089167506 -2.7701264869977016 4.3900557479009
51.50000000000046 -0.5022010152022532 -2.859470263953979 4.40301551390388
51.60000000000046 -0.49439201046529 -2.7701264851534413 4.390056550239485
51.700000000000465 -0.5022010165290928 -2.859470263411705 4.403016134954362
51.800000000000466 -0.49439201277051903 -2.7701264852270264 4.3900568750144
51.90000000000047 -0.5022010197054451 -2.8594702635527507 4.403016128006674
52.00000000000047 -0.4943920166413702 -2.7701264870048576 4.390056553688727
52.10000000000047 -0.5022010232963677 -2.8594702642437704 4.403015604419545
52.20000000000047 -0.494392020383398 -2.7701264895746447 4.390055942971628
52.30000000000047 -0.5022010258335265 -2.859470265132889 4.403015069879165
52.400000000000475 -0.4943920225103398 -2.7701264917895463 4.390055593020971
52.500000000000476 -0.502201026410402 -2.8594702658296725 4.403014994434057
52.60000000000048 -0.4943920223305462 -2.7701264927869786 4.390055805117074
52.70000000000048 -0.5022010249930068 -2.859470266078387 4.4030154498303915
52.80000000000048 -0.4943920201502939 -2.7701264923193807 4.39005641425763
52.90000000000048 -0.5022010223452638 -2.8594702658457156 4.403016075677022
53.00000000000048 -0.49439201704583285 -2.770126490772456 4.39005693844261
53.100000000000485 -0.5022010196391126 -2.859470265297312 4.403016374012386
53.200000000000486 -0.49439201434479224 -2.7701264889097206 4.390056957949948
53.30000000000049 -0.5022010179430862 -2.85947026469449 4.403016092694511
53.40000000000049 -0.4943920130651522 -2.770126487501307 4.390056430973476
53.50000000000049 -0.5022010178109408 -2.8594702642727055 4.403015410653465
53.60000000000049 -0.4943920135473256 -2.7701264870176594 4.390055718473388
53.70000000000049 -0.5022010191235337 -2.859470264157324 4.403014800534961
53.800000000000495 -0.4943920154033439 -2.770126487502316 4.390055315542531
53.900000000000496 -0.5022010212146035 -2.8594702643411414 4.403014684192351
54.0000000000005 -0.4943920177596234 -2.7701264886347614 4.390055496958972
54.1000000000005 -0.5022010231936551 -2.8594702647148225 4.403015137331777
54.2000000000005 -0.4943920196554737 -2.7701264899133777 4.390056132726812
54.3000000000005 -0.5022010243142941 -2.8594702651233934 4.403015849075833
54.4000000000005 -0.49439202042028274 -2.7701264908618484 4.390056793524403
54.500000000000504 -0.5022010242411716 -2.859470265422716 4.403016350253655
54.600000000000506 -0.49439201988973996 -2.7701264911839742 4.390057055536829
54.70000000000051 -0.5022010231288188 -2.8594702655209865 4.4030163362397055
54.80000000000051 -0.49439201840496916 -2.7701264908332606 4.390056782161348
54.90000000000051 -0.5022010215080606 -2.859470265400434 4.403015857150577
55.00000000000051 -0.4943920166264267 -2.7701264899977556 4.390056192375341
55.10000000000051 -0.5022010200461937 -2.8594702651183064 4.403015256375445
55.200000000000514 -0.4943920152546242 -2.7701264890181627 4.390055686498431
55.300000000000516 -0.5022010192832861 -2.8594702647866703 4.403014919718036
55.40000000000052 -0.494392014767987 -2.770126488265055 4.39005556769476
55.50000000000052 -0.5022010194427108 -2.859470264533436 4.403015020597326
55.60000000000052 -0.4943920152678703 -2.7701264880084677 4.390055855789983
55.70000000000052 -0.5022010203770376 -2.859470264454495 4.403015432189117
55.80000000000052 -0.4943920164747449 -2.7701264883204626 4.390056308644678
55.900000000000524 -0.5022010216567696 -2.859470264574694 4.4030158477037435
56.000000000000526 -0.49439201786448805 -2.7701264890489274 4.390056614283222
56.10000000000053 -0.5022010227576921 -2.8594702648362684 4.403016005047704
56.20000000000053 -0.494392018885821 -2.770126489879931 4.390056605335859
56.30000000000053 -0.5022010232696753 -2.8594702651232917 4.403015852773345
56.40000000000053 -0.49439201917370634 -2.770126490469279 4.390056348673304
56.50000000000053 -0.5022010230462146 -2.859470265313256 4.403015552530594
56.600000000000534 -0.49439201867780186 -2.770126490588864 4.3900560649308895
56.700000000000536 -0.5022010222406567 -2.8594702653319493 4.403015336931603
56.80000000000054 -0.4943920176599219 -2.770126490221277 4.390055954352124
56.90000000000054 -0.5022010212218664 -2.859470265184799 4.403015338700295
57.00000000000054 -0.49439201656749115 -2.7701264895579683 4.390056060881572
57.10000000000054 -0.5022010204104648 -2.859470264949605 4.403015513030685
57.20000000000054 -0.4943920158403238 -2.770126488902868 4.390056264314112
57.300000000000544 -0.5022010201068429 -2.8594702647357013 4.403015695756227
57.400000000000546 -0.4943920157337516 -2.770126488530228 4.390056390271107
57.50000000000055 -0.5022010203815337 -2.8594702646316232 4.403015739631756
57.60000000000055 -0.4943920162306136 -2.7701264885664076 4.390056345845572
57.70000000000055 -0.5022010210680942 -2.8594702646676904 4.403015622191791
57.80000000000055 -0.4943920170727336 -2.7701264889495305 4.390056180553751
57.90000000000055 -0.502201021852886 -2.859470264809985 4.403015450305356
58.000000000000554 -0.4943920178891475 -2.770126489478428 4.390056036035916
58.100000000000556 -0.5022010224159348 -2.8594702649845467 4.403015368243051
58.20000000000056 -0.49439201835843405 -2.77012648991769 4.390056031518108
58.30000000000056 -0.5022010225597795 -2.8594702651157764 4.403015445034707
58.40000000000056 -0.4943920183335138 -2.770126490102839 4.390056174195796
58.50000000000056 -0.5022010222746416 -2.8594702651587225 4.403015625308495
58.60000000000056 -0.4943920178808291 -2.7701264899978795 4.390056358256849
58.700000000000564 -0.5022010217205977 -2.859470265111684 4.403015775125532
58.800000000000566 -0.4943920172279268 -2.7701264896879767 4.390056447294938
58.90000000000057 -0.5022010211441144 -2.8594702650078783 4.403015783358373
59.00000000000057 -0.4943920166528937 -2.770126489323291 4.3900563751604675
59.10000000000057 -0.5022010207709507 -2.8594702648950103 4.403015641949323
59.20000000000057 -0.49439201636862806 -2.770126489048457 4.390056191546428
59.30000000000057 -0.5022010207211096 -2.859470264814595 4.403015448651262
59.400000000000574 -0.49439201644895286 -2.7701264889499386 4.390056022950089
59.500000000000576 -0.5022010209760497 -2.8594702647892403 4.4030153347043335
59.60000000000058 -0.4943920168191414 -2.770126489036996 4.3900559815500975
59.70000000000058 -0.5022010214032879 -2.85947026481974 4.403015372754643
59.80000000000058 -0.4943920173042653 -2.7701264892536654 4.39005608898363
59.90000000000058 -0.5022010218207424 -2.8594702648892283 4.403015530434298
60.00000000000058 -0.49439201770791696 -2.7701264895086464 4.390056266946971
60.100000000000584 -0.5022010220711299 -2.85947026497066 4.403015698635985
60.200000000000585 -0.4943920178875949 -2.7701264897092024 4.390056396414314
60.30000000000059 -0.5022010220776794 -2.8594702650352763 4.403015769717628
60.40000000000059 -0.4943920178002866 -2.77012648978975 4.390056399822641
60.50000000000059 -0.5022010218635357 -2.859470265061037 4.403015708491074
60.60000000000059 -0.4943920175066409 -2.7701264897301123 4.390056288524962
60.70000000000059 -0.5022010215324343 -2.8594702650397816 4.40301556853972
60.800000000000594 -0.49439201713776415 -2.770126489560233 4.3900561464987495
60.900000000000595 -0.5022010212219497 -2.8594702649807724 4.403015447856674
61.0000000000006 -0.4943920168403305 -2.7701264893493063 4.390056067340842
61.1000000000006 -0.5022010210488347 -2.8594702649081314 4.403015419603985
61.2000000000006 -0.4943920167210739 -2.7701264891805955 4.390056091694655
61.3000000000006 -0.5022010210668741 -2.8594702648517236 4.403015487162701
61.4000000000006 -0.49439201681013956 -2.7701264891192183 4.390056187212776
61.500000000000604 -0.5022010212517137 -2.859470264834548 4.40301559108181
61.600000000000605 -0.4943920170553522 -2.770126489185385 4.390056279812854
61.70000000000061 -0.5022010215165087 -2.859470264862376 4.403015657277531
61.80000000000061 -0.49439201734803073 -2.7701264893457 4.390056309076177
61.90000000000061 -0.5022010217505543 -2.8594702649210735 4.403015648875229
62.00000000000061 -0.49439201756923074 -2.770126489528055 4.390056267157419
62.10000000000061 -0.5022010218645946 -2.859470264983402 4.40301558584625
62.200000000000614 -0.4943920176375127 -2.7701264896542295 4.390056196517613
62.300000000000615 -0.5022010218245034 -2.8594702650220576 4.403015522877031
62.40000000000062 -0.4943920175389617 -2.77012648967492 4.390056153069915
62.50000000000062 -0.5022010216604776 -2.8594702650223076 4.403015505944607
62.60000000000062 -0.4943920173278837 -2.7701264895902193 4.390056164628315
62.70000000000062 -0.5022010214495177 -2.8594702649878534 4.40301554059032
62.80000000000062 -0.49439201709936437 -2.770126489446072 4.390056214476209
62.900000000000624 -0.5022010212802217 -2.859470264937405 4.403015592976838
63.000000000000625 -0.4943920169468785 -2.7701264893097104 4.390056258895001
63.10000000000063 -0.5022010212158304 -2.859470264894465 4.403015619341515
63.20000000000063 -0.49439201692402285 -2.7701264892375015 4.390056262465015
63.30000000000063 -0.5022010212710636 -2.8594702648760766 4.403015599703788
63.40000000000063 -0.49439201702634256 -2.770126489251333 4.390056223902155
63.50000000000063 -0.5022010214111527 -2.859470264886188 4.403015551016977
63.600000000000634 -0.49439201719922027 -2.7701264893337165 4.390056174569016
63.700000000000635 -0.5022010215712527 -2.85947026491611 4.403015512013295
63.80000000000064 -0.4943920173657921 -2.770126489441264 4.390056153031581
63.90000000000064 -0.5022010216859278 -2.8594702649505837 4.4030155130316295
64.00000000000064 -0.4943920174608091 -2.7701264895273443 4.390056175978222
64.10000000000063 -0.5022010217153808 -2.8594702649754846 4.403015553844256
64.20000000000063 -0.49439201745547545 -2.770126489561919 4.390056226825449
64.30000000000062 -0.5022010216580779 -2.859470264983257 4.403015604986409
64.40000000000062 -0.49439201736415966 -2.7701264895403472 4.390056269053993
64.50000000000061 -0.5022010215465081 -2.859470264974247 4.4030156301269185
64.6000000000006 -0.49439201723288795 -2.7701264894799125 4.390056273148884
64.7000000000006 -0.5022010214301565 -2.859470264954585 4.403015612191091
64.8000000000006 -0.49439201711705866 -2.770126489408692 4.39005623713538
64.90000000000059 -0.5022010213542335 -2.859470264932638 4.403015564492042
65.00000000000058 -0.494392017058913 -2.770126489353345 4.390056186633355
65.10000000000058 -0.5022010213430124 -2.8594702649158967 4.403015520003194
65.20000000000057 -0.4943920170734546 -2.7701264893306337 4.3900561557382485
65.30000000000057 -0.5022010213933754 -2.8594702649091257 4.4030155077036754
65.40000000000056 -0.49439201714663855 -2.770126489344196 4.390056163325787
65.50000000000055 -0.5022010214793976 -2.859470264913632 4.403015533268242
65.60000000000055 -0.4943920172443929 -2.7701264893856496 4.390056201448216
65.70000000000054 -0.5022010215647053 -2.859470264927239 4.403015577037671
65.80000000000054 -0.494392017327508 -2.770126489438434 4.390056242821244
65.90000000000053 -0.5022010216170951 -2.859470264944889 4.403015609260442
66.00000000000053 -0.4943920173663905 -2.770126489483238 4.3900562606965705
66.10000000000052 -0.5022010216199779 -2.859470264960051 4.4030156107517735
66.20000000000051 -0.4943920173507307 -2.770126489504136 4.390056246517193
66.30000000000051 -0.5022010215769792 -2.8594702649669315 4.4030155844709595
66.4000000000005 -0.49439201729141946 -2.770126489494122 4.390056213606608
66.5000000000005 -0.5022010215087519 -2.8594702649628436 4.403015551073641
66.60000000000049 -0.4943920172147926 -2.770126489458032 4.390056185799502
66.70000000000049 -0.5022010214437792 -2.859470264949597 4.403015533100707
66.80000000000048 -0.494392017151688 -2.770126489411088 4.390056180302546
66.90000000000047 -0.5022010214069355 -2.859470264932968 4.403015539739034
67.00000000000047 -0.4943920171254704 -2.770126489372879 4.390056197050733
67.10000000000046 -0.5022010214101759 -2.8594702649202115 4.403015562439904
67.20000000000046 -0.4943920171434807 -2.7701264893589848 4.390056221071195
67.30000000000045 -0.5022010214488088 -2.8594702649167063 4.403015583131536
67.40000000000045 -0.4943920171951185 -2.7701264893740625 4.390056234727613
67.50000000000044 -0.502201021504543 -2.8594702649234507 4.403015587913734
67.60000000000043 -0.4943920172571481 -2.7701264894099267 4.390056230253725
67.70000000000043 -0.5022010215537726 -2.8594702649367365 4.403015576129504
67.80000000000042 -0.4943920173038841 -2.7701264894496944 4.390056213850229
67.90000000000042 -0.5022010215774746 -2.8594702649501578 4.4030155590453415
68.00000000000041 -0.49439201731785154 -2.7701264894759423 4.39005619946127
68.1000000000004 -0.5022010215685487 -2.8594702649578223 4.4030155502665105
68.2000000000004 -0.49439201729637444 -2.7701264894786988 4.390056197782489
68.3000000000004 -0.5022010215336952 -2.859470264957065 4.40301555558957
68.40000000000039 -0.49439201725149223 -2.7701264894593245 4.390056208821308
68.50000000000038 -0.5022010214894361 -2.859470264949309 4.403015569580943
68.60000000000038 -0.4943920172036702 -2.7701264894287 4.390056222957046
68.70000000000037 -0.5022010214544272 -2.859470264938858 4.403015580654499
68.80000000000037 -0.4943920171724966 -2.7701264894011643 4.390056228911343
68.90000000000036 -0.50220102144163 -2.8594702649305024 4.403015580187928
69.00000000000036 -0.49439201716866277 -2.770126489387678 4.390056222254515
69.10000000000035 -0.5022010214536684 -2.8594702649272996 4.403015568738288
69.20000000000034 -0.49439201719056913 -2.7701264893915662 4.390056208259102
69.30000000000034 -0.5022010214829591 -2.859470264929588 4.403015555098923
69.40000000000033 -0.4943920172264628 -2.770126489408443 4.390056197483822
69.50000000000033 -0.502201021515982 -2.859470264935432 4.403015549419441
69.60000000000032 -0.49439201726049337 -2.7701264894295243 4.390056197802866
69.70000000000032 -0.5022010215394063 -2.859470264941956 4.4030155557611295
69.80000000000031 -0.4943920172796105 -2.7701264894460986 4.390056208845914
69.9000000000003 -0.5022010215453033 -2.8594702649467036 4.403015569456054
70.0000000000003 -0.49439201727831356 -2.770126489452893 4.390056222651412
70.10000000000029 -0.5022010215335126 -2.8594702649484085 4.403015580828846
70.20000000000029 -0.49439201725969567 -2.770126489449201 4.390056229653083
70.30000000000028 -0.502201021510657 -2.859470264947068 4.40301558222687
70.40000000000028 -0.49439201723300324 -2.7701264894380193 4.390056225423922
70.50000000000027 -0.5022010214867237 -2.8594702649435697 4.4030155732008165
70.60000000000026 -0.4943920172092692 -2.7701264894242033 4.390056213410492
70.70000000000026 -0.5022010214708805 -2.8594702649392536 4.403015560356449
70.80000000000025 -0.4943920171969973 -2.7701264894126405 4.390056202050481
70.90000000000025 -0.5022010214681886 -2.8594702649355312 4.403015552374415
71.00000000000024 -0.49439201719943093 -2.7701264894069166 4.390056198692762
71.10000000000024 -0.5022010214782443 -2.859470264933592 4.403015554003085
71.20000000000023 -0.49439201721407333 -2.7701264894085256 4.390056204752981
71.30000000000022 -0.5022010214959561 -2.8594702649340804 4.403015563223257
71.40000000000022 -0.4943920172342499 -2.770126489416541 4.390056215310988
71.50000000000021 -0.5022010215138962 -2.85947026493683 4.403015573240634
71.60000000000021 -0.4943920172519149 -2.770126489427859 4.390056223022606
71.7000000000002 -0.5022010215252488 -2.8594702649407995 4.403015577502535
71.8000000000002 -0.4943920172606564 -2.7701264894381405 4.390056223273435
71.90000000000019 -0.502201021526277 -2.859470264944387 4.403015574034575
72.00000000000018 -0.4943920172579004 -2.770126489443367 4.3900562169466175
72.10000000000018 -0.5022010215174759 -2.859470264946084 4.403015566219925
72.20000000000017 -0.4943920172456079 -2.770126489441511 4.3900562091700985
72.30000000000017 -0.502201021503073 -2.8594702649451764 4.4030155598690675
72.40000000000016 -0.49439201722926307 -2.770126489433514 4.390056205331123
72.50000000000016 -0.5022010214891485 -2.859470264942126 4.403015558986365
72.60000000000015 -0.49439201721557335 -2.7701264894229682 4.390056207386673
72.70000000000014 -0.5022010214811333 -2.85947026493837 4.403015563279432
72.80000000000014 -0.49439201720975473 -2.77012648941452 4.390056212971257
72.90000000000013 -0.5022010214817038 -2.859470264935625 4.403015568927312
73.00000000000013 -0.4943920172135239 -2.7701264894117132 4.3900562176000495
73.10000000000012 -0.5022010214898989 -2.859470264935047 4.403015571702746
73.20000000000012 -0.4943920172245944 -2.770126489415378 4.390056218084732
73.30000000000011 -0.5022010215017685 -2.859470264936706 4.403015570004873
73.4000000000001 -0.4943920172378744 -2.7701264894233786 4.390056214636451
73.5000000000001 -0.5022010215122165 -2.8594702649396306 4.403015565684036
73.6000000000001 -0.49439201724777904 -2.770126489431812 4.390056210318703
73.70000000000009 -0.5022010215171853 -2.8594702649423795 4.40301556231516
73.80000000000008 -0.49439201725060683 -2.770126489436981 4.390056208518145
73.90000000000008 -0.5022010215152289 -2.859470264943777 4.403015562412486
74.00000000000007 -0.4943920172459186 -2.7701264894370707 4.390056210435958
74.10000000000007 -0.5022010215078536 -2.8594702649434254 4.403015565680616
74.20000000000006 -0.4943920172364139 -2.7701264894327404 4.3900562143932484
74.30000000000005 -0.5022010214985974 -2.859470264941763 4.403015569459618
74.40000000000005 -0.4943920172264634 -2.770126489426462 4.390056217285254
74.50000000000004 -0.5022010214913546 -2.8594702649397132 4.403015570852052
74.60000000000004 -0.49439201722010845 -2.7701264894211244 4.390056216956989
74.70000000000003 -0.5022010214887579 -2.8594702649381727 4.403015568863939
74.80000000000003 -0.4943920172194375 -2.7701264894187023 4.390056213720326
74.90000000000002 -0.5022010214912704 -2.859470264937632 4.403015565021069
75.00000000000001 -0.4943920172239964 -2.7701264894196087 4.390056209990545
75.10000000000001 -0.5022010214972901 -2.859470264938076 4.403015562132214
75.2 -0.49439201723132964 -2.7701264894228737 4.390056208439268
75.3 -0.5022010215040539 -2.859470264939134 4.403015562213704
75.39999999999999 -0.4943920172382425 -2.7701264894268633 4.390056210082458
75.49999999999999 -0.5022010215088735 -2.8594702649403256 4.4030155651064415
75.59999999999998 -0.49439201724215526 -2.770126489430053 4.390056213659656
75.69999999999997 -0.5022010215101559 -2.8594702649412542 4.403015568711736
75.79999999999997 -0.49439201724198506 -2.7701264894315174 4.390056216648375
75.89999999999996 -0.5022010215078421 -2.85947026494169 4.403015570564634
75.99999999999996 -0.49439201723831433 -2.770126489431057 4.390056217085259
76.09999999999995 -0.5022010215032252 -2.8594702649415646 4.403015569549792
76.19999999999995 -0.4943920172329336 -2.770126489429066 4.390056214867725
76.29999999999994 -0.502201021498294 -2.8594702649409522 4.403015566560172
76.39999999999993 -0.49439201722802206 -2.7701264894263256 4.39005621167764
76.49999999999993 -0.5022010214949246 -2.8594702649400583 4.403015563729604
76.59999999999992 -0.494392017225332 -2.770126489423778 4.3900562096936655
76.69999999999992 -0.5022010214942146 -2.8594702649391834 4.403015562886655
76.79999999999991 -0.49439201722562987 -2.770126489422289 4.3900562100804255
76.8999999999999 -0.5022010214961742 -2.859470264938654 4.403015564357025
76.9999999999999 -0.4943920172285297 -2.7701264894223847 4.390056212307943
77.0999999999999 -0.5022010214998202 -2.8594702649386923 4.40301556689982
77.19999999999989 -0.4943920172327271 -2.7701264894240256 4.3900562146868465
77.29999999999988 -0.5022010215036209 -2.8594702649393002 4.403015568710752
77.39999999999988 -0.4943920172365346 -2.7701264894265614 4.390056215633296
77.49999999999987 -0.5022010215061055 -2.8594702649402244 4.4030155686997325
77.59999999999987 -0.494392017238521 -2.7701264894289435 4.39005621472442
77.69999999999986 -0.5022010215064169 -2.8594702649410584 4.403015567141217
77.79999999999986 -0.4943920172380458 -2.7701264894301643 4.390056212844168
77.89999999999985 -0.5022010215046073 -2.8594702649414283 4.403015565319357
77.99999999999984 -0.4943920172354682 -2.770126489429726 4.390056211418006
78.09999999999984 -0.5022010215015587 -2.8594702649411823 4.403015564522063
78.19999999999983 -0.4943920172319633 -2.7701264894278825 4.39005621136411
78.29999999999983 -0.5022010214985815 -2.8594702649404646 4.4030155651506755
78.39999999999982 -0.49439201722900705 -2.770126489425522 4.390056212518623
78.49999999999982 -0.5022010214968624 -2.859470264939636 4.403015566550257
78.59999999999981 -0.49439201722775467 -2.7701264894237245 4.3900562138828505
78.6999999999998 -0.5022010214969812 -2.859470264939082 4.403015567599565
78.7999999999998 -0.4943920172285758 -2.77012648942324 4.3900562144298565
78.89999999999979 -0.5022010214987239 -2.8594702649390253 4.403015567564316
78.99999999999979 -0.49439201723095005 -2.7701264894241544 4.390056213843116
79.09999999999978 -0.5022010215012311 -2.8594702649394295 4.40301556658368
79.19999999999978 -0.49439201723376125 -2.770126489425908 4.390056212671495
79.29999999999977 -0.5022010215034137 -2.859470264940051 4.40301556548208
79.39999999999976 -0.49439201723581405 -2.770126489427631 4.390056211848202
79.49999999999976 -0.5022010215044277 -2.859470264940585 4.4030155651059575
79.59999999999975 -0.4943920172363557 -2.7701264894285886 4.390056211977046
79.69999999999975 -0.5022010215039948 -2.8594702649408177 4.403015565703404
79.79999999999974 -0.4943920172353377 -2.770126489428497 4.390056212917246
79.89999999999974 -0.5022010215024537 -2.859470264940711 4.403015566786957
79.99999999999973 -0.4943920172333577 -2.7701264894275734 4.39005621393835
80.09999999999972 -0.502201021500548 -2.8594702649403776 4.403015567537556
80.19999999999972 -0.494392017231328 -2.7701264894263424 4.390056214288075
80.29999999999971 -0.502201021499074 -2.8594702649399975 4.403015567417842
80.39999999999971 -0.494392017230057 -2.770126489425345 4.390056213735523
80.4999999999997 -0.5022010214985518 -2.8594702649397217 4.403015566541368
80.5999999999997 -0.4943920172299369 -2.7701264894249076 4.3900562127051215
80.69999999999969 -0.5022010214990617 -2.8594702649396213 4.403015565553614
80.79999999999968 -0.4943920172308585 -2.7701264894250706 4.390056211936793
80.89999999999968 -0.5022010215002787 -2.859470264939686 4.403015565144861
80.99999999999967 -0.49439201723232895 -2.7701264894256568 4.390056211947142
81.09999999999967 -0.5022010215016498 -2.859470264939861 4.4030155655649486
81.19999999999966 -0.49439201723372234 -2.770126489426394 4.390056212684624
81.29999999999966 -0.5022010215026426 -2.859470264940079 4.403015566479546
81.39999999999965 -0.4943920172345329 -2.770126489427031 4.39005621360476
81.49999999999964 -0.5022010215029312 -2.8594702649402777 4.403015567241841
81.59999999999964 -0.4943920172345382 -2.7701264894273883 4.390056214080189
81.69999999999963 -0.5022010215024895 -2.859470264940401 4.403015567358341
81.79999999999963 -0.49439201723383025 -2.7701264894273825 4.390056213834633
81.89999999999962 -0.5022010215015594 -2.859470264940412 4.403015566811138
81.99999999999962 -0.49439201723274445 -2.770126489427032 4.390056213099634
82.09999999999961 -0.502201021500537 -2.8594702649402994 4.403015566027284
82.1999999999996 -0.49439201723171294 -2.7701264894264583 4.39005621241074
82.2999999999996 -0.5022010214998105 -2.8594702649400983 4.403015565547922
82.3999999999996 -0.494392017231111 -2.7701264894258664 4.3900562122160025
82.49999999999959 -0.5022010214996289 -2.8594702649398847 4.4030155656519065
82.59999999999958 -0.4943920172311277 -2.7701264894254836 4.390056212582843
82.69999999999958 -0.5022010215000149 -2.8594702649397488 4.403015566195942
82.79999999999957 -0.4943920172317116 -2.7701264894254694 4.3900562131943355
82.89999999999957 -0.5022010215007764 -2.8594702649397545 4.403015566758974
82.99999999999956 -0.4943920172326007 -2.7701264894258344 4.390056213608019
83.09999999999955 -0.5022010215015887 -2.8594702649399006 4.403015566960431
83.19999999999955 -0.4943920172334288 -2.770126489426421 4.390056213572103
83.29999999999954 -0.5022010215021311 -2.8594702649401187 4.4030155667152195
83.39999999999954 -0.4943920172338738 -2.7701264894269655 4.39005621317528
83.49999999999953 -0.5022010215022084 -2.8594702649403057 4.403015566256522
83.59999999999953 -0.49439201723378096 -2.770126489427227 4.390056212744476
83.69999999999952 -0.502201021501824 -2.859470264940376 4.403015565935693
83.79999999999951 -0.49439201723322534 -2.7701264894271023 4.390056212588705
83.89999999999951 -0.5022010215011727 -2.8594702649403048 4.403015565962503
83.9999999999995 -0.49439201723246945 -2.7701264894266715 4.3900562127840725
84.0999999999995 -0.5022010215005387 -2.8594702649401382 4.403015566273556
84.19999999999949 -0.49439201723183906 -2.7701264894261555 4.39005621314615
84.29999999999949 -0.5022010215001781 -2.859470264939963 4.403015566607752
84.39999999999948 -0.4943920172315829 -2.7701264894257935 4.3900562133897125
84.49999999999947 -0.5022010215002123 -2.85947026493986 4.403015566714265
84.59999999999947 -0.49439201723177195 -2.770126489425729 4.390056213344004
84.69999999999946 -0.5022010215005862 -2.8594702649398647 4.403015566532522
84.79999999999946 -0.49439201723228243 -2.770126489425951 4.390056213065456
84.89999999999945 -0.5022010215011131 -2.8594702649399575 4.403015566218978
84.99999999999945 -0.49439201723287013 -2.7701264894263202 4.3900562127772265
85.09999999999944 -0.502201021501563 -2.8594702649400823 4.403015566015663
85.19999999999943 -0.4943920172332853 -2.770126489426655 4.390056212694232
85.29999999999943 -0.5022010215017647 -2.8594702649401795 4.403015566068176
85.39999999999942 -0.4943920172333836 -2.7701264894268216 4.3900562128682505
85.49999999999942 -0.5022010215016689 -2.8594702649402155 4.403015566327196
85.59999999999941 -0.494392017233165 -2.770126489426785 4.390056213161802
85.6999999999994 -0.5022010215013505 -2.859470264940191 4.403015566596905
85.7999999999994 -0.49439201723275933 -2.770126489426603 4.3900562133591015
85.8999999999994 -0.5022010215009616 -2.8594702649401307 4.4030155666843624
85.99999999999939 -0.49439201723235066 -2.7701264894263753 4.390056213324677
86.09999999999938 -0.5022010215006634 -2.8594702649400654 4.4030155665362045
86.19999999999938 -0.49439201723209725 -2.770126489426193 4.390056213093866
86.29999999999937 -0.5022010215005565 -2.859470264940015 4.403015566267184
86.39999999999937 -0.494392017232073 -2.770126489426107 4.390056212836686
86.49999999999936 -0.5022010215006569 -2.8594702649399912 4.403015566068737
86.59999999999935 -0.49439201723225346 -2.7701264894261226 4.3900562127302045
86.69999999999935 -0.5022010215008996 -2.8594702649399943 4.403015566070849
86.79999999999934 -0.49439201723254467 -2.770126489426218 4.390056212835689
86.89999999999934 -0.5022010215011778 -2.8594702649400205 4.4030155662571655
86.99999999999933 -0.4943920172328268 -2.7701264894263553 4.390056213065562
87.09999999999933 -0.5022010215013856 -2.8594702649400627 4.4030155664878885
87.19999999999932 -0.4943920172329997 -2.770126489426492 4.390056213255586
87.29999999999932 -0.5022010215014527 -2.8594702649401094 4.403015566605577
87.39999999999931 -0.4943920172330128 -2.7701264894265867 4.390056213283414
87.4999999999993 -0.5022010215013699 -2.8594702649401453 4.403015566543674
87.5999999999993 -0.49439201723287807 -2.7701264894266067 4.390056213147709
87.69999999999929 -0.5022010215011817 -2.859470264940154 4.403015566362878
87.79999999999929 -0.4943920172326569 -2.7701264894265414 4.390056212957083
87.89999999999928 -0.5022010215009681 -2.8594702649401307 4.403015566197115
87.99999999999928 -0.49439201723243714 -2.770126489426412 4.390056212845039
88.09999999999927 -0.5022010215008103 -2.8594702649400814 4.403015566154962
88.19999999999926 -0.49439201723230014 -2.7701264894262705 4.390056212876596
88.29999999999926 -0.5022010215007645 -2.8594702649400294 4.403015566248637
88.39999999999925 -0.49439201723229487 -2.770126489426177 4.390056213011632
88.49999999999925 -0.5022010215008414 -2.8594702649399983 4.403015566396607
88.59999999999924 -0.4943920172324149 -2.7701264894261737 4.390056213144348
88.69999999999924 -0.5022010215010018 -2.859470264940002 4.403015566490329
88.79999999999923 -0.49439201723260573 -2.7701264894262616 4.390056213183694
88.89999999999922 -0.5022010215011771 -2.8594702649400388 4.4030155664723
88.99999999999922 -0.4943920172327875 -2.7701264894263975 4.390056213114707
89.09999999999921 -0.5022010215012945 -2.8594702649400894 4.403015566370052
89.1999999999992 -0.49439201723288384 -2.7701264894265183 4.390056213000196
89.2999999999992 -0.5022010215013106 -2.859470264940129 4.403015566267127
89.3999999999992 -0.4943920172328623 -2.770126489426568 4.390056212927824
89.49999999999919 -0.5022010215012275 -2.8594702649401396 4.403015566237882
89.59999999999918 -0.4943920172327413 -2.7701264894265307 4.390056212945344
89.69999999999918 -0.5022010215010891 -2.8594702649401196 4.403015566295659
89.79999999999917 -0.4943920172325801 -2.7701264894264312 4.39005621303073
89.89999999999917 -0.5022010215009569 -2.8594702649400814 4.4030155663894615
89.99999999999916 -0.494392017232449 -2.7701264894263224 4.390056213114834
90.09999999999916 -0.5022010215008827 -2.8594702649400467 4.403015566446764
90.19999999999915 -0.4943920172323977 -2.770126489426255 4.390056213135474
90.29999999999914 -0.5022010215008915 -2.8594702649400303 4.4030155664277
90.39999999999914 -0.4943920172324414 -2.770126489426252 4.390056213081653
90.49999999999913 -0.5022010215009709 -2.859470264940035 4.40301556635111
90.59999999999913 -0.4943920172325495 -2.7701264894263025 4.39005621299736
90.69999999999912 -0.5022010215010805 -2.8594702649400547 4.403015566276391
90.79999999999912 -0.49439201723266923 -2.770126489426376 4.390056212945756
90.89999999999911 -0.502201021501171 -2.859470264940078 4.403015566257824
90.9999999999991 -0.4943920172327513 -2.770126489426437 4.39005621296252
91.0999999999991 -0.5022010215012104 -2.859470264940094 4.403015566306062
91.1999999999991 -0.49439201723276904 -2.7701264894264646 4.3900562130322935
91.29999999999909 -0.5022010215011904 -2.8594702649401 4.403015566383543
91.39999999999908 -0.4943920172327243 -2.7701264894264566 4.390056213103075
91.49999999999908 -0.5022010215011268 -2.8594702649400956 4.403015566434319
91.59999999999907 -0.49439201723264364 -2.770126489426424 4.390056213125402
91.69999999999906 -0.5022010215010493 -2.859470264940086 4.403015566424656
91.79999999999906 -0.4943920172325628 -2.770126489426384 4.3900562130867975
91.89999999999905 -0.5022010215009884 -2.859470264940075 4.403015566365001
91.99999999999905 -0.49439201723251247 -2.770126489426351 4.390056213017761
92.09999999999904 -0.5022010215009658 -2.8594702649400654 4.4030155662994614
92.19999999999904 -0.4943920172325051 -2.7701264894263304 4.390056212967385
92.29999999999903 -0.5022010215009842 -2.8594702649400587 4.403015566272772
92.39999999999903 -0.4943920172325388 -2.7701264894263278 4.390056212968086
92.49999999999902 -0.5022010215010323 -2.859470264940056 4.403015566299536
92.59999999999901 -0.49439201723259585 -2.7701264894263415 4.390056213014811
92.69999999999901 -0.5022010215010891 -2.85947026494006 4.403015566356862
92.799999999999 -0.4943920172326541 -2.7701264894263686 4.390056213071834
92.899999999999 -0.5022010215011327 -2.8594702649400694 4.403015566403399
92.99999999999899 -0.4943920172326915 -2.770126489426401 4.390056213099988
93.09999999999899 -0.502201021501148 -2.8594702649400814 4.403015566409257
93.19999999999898 -0.4943920172326972 -2.770126489426426 4.390056213083669
93.29999999999897 -0.5022010215011327 -2.859470264940091 4.4030155663751955
93.39999999999897 -0.4943920172326721 -2.7701264894264344 4.390056213039048
93.49999999999896 -0.5022010215010951 -2.8594702649400934 4.403015566328895
93.59999999999896 -0.4943920172326263 -2.77012648942642 4.390056212999664
93.69999999999895 -0.5022010215010495 -2.859470264940087 4.403015566303154
93.79999999999895 -0.49439201723257764 -2.7701264894263886 4.390056212991576
93.89999999999894 -0.5022010215010146 -2.859470264940075 4.403015566312851
93.99999999999893 -0.49439201723254744 -2.7701264894263553 4.390056213016299
94.09999999999893 -0.5022010215010047 -2.8594702649400627 4.403015566346725
94.19999999999892 -0.49439201723254506 -2.770126489426334 4.390056213052519
94.29999999999892 -0.5022010215010205 -2.8594702649400565 4.4030155663781265
94.39999999999891 -0.49439201723257065 -2.770126489426335 4.390056213073457
94.4999999999989 -0.502201021501055 -2.8594702649400587 4.403015566385293
94.5999999999989 -0.49439201723261267 -2.7701264894263566 4.390056213066183
94.6999999999989 -0.5022010215010919 -2.8594702649400676 4.403015566366064
94.79999999999889 -0.4943920172326512 -2.770126489426388 4.3900562130391885
94.89999999999888 -0.5022010215011161 -2.8594702649400796 4.403015566337269
94.99999999999888 -0.4943920172326709 -2.7701264894264135 4.3900562130141205
95.09999999999887 -0.5022010215011188 -2.8594702649400867 4.403015566320821
95.19999999999887 -0.49439201723266474 -2.7701264894264215 4.390056213009046
95.29999999999886 -0.5022010215011007 -2.8594702649400876 4.403015566327582
95.39999999999885 -0.49439201723263865 -2.770126489426411 4.390056213025902
95.49999999999885 -0.5022010215010722 -2.8594702649400823 4.403015566350634
95.59999999999884 -0.4943920172326055 -2.7701264894263886 4.390056213050581
95.69999999999884 -0.502201021501046 -2.8594702649400743 4.40301556637183
95.79999999999883 -0.4943920172325801 -2.7701264894263664 4.390056213064449
95.89999999999883 -0.5022010215010317 -2.8594702649400685 4.403015566375765
95.99999999999882 -0.4943920172325704 -2.7701264894263553 4.3900562130580685
96.09999999999881 -0.5022010215010339 -2.859470264940066 4.403015566360611
96.19999999999881 -0.49439201723257953 -2.770126489426357 4.390056213037257
96.2999999999988 -0.50220102150105 -2.859470264940067 4.403015566338393
96.3999999999988 -0.4943920172326018 -2.7701264894263677 4.390056213017779
96.49999999999879 -0.5022010215010715 -2.8594702649400707 4.403015566325405
96.59999999999879 -0.49439201723262577 -2.7701264894263806 4.390056213013423
96.69999999999878 -0.5022010215010893 -2.859470264940075 4.403015566330336
96.79999999999878 -0.4943920172326416 -2.7701264894263913 4.390056213026387
96.89999999999877 -0.5022010215010975 -2.859470264940078 4.403015566348686
96.99999999999876 -0.494392017232645 -2.770126489426396 4.390056213046573
97.09999999999876 -0.5022010215010937 -2.8594702649400787 4.403015566366876
97.19999999999875 -0.49439201723263587 -2.770126489426395 4.390056213059551
97.29999999999875 -0.5022010215010806 -2.8594702649400787 4.403015566372398
97.39999999999874 -0.4943920172326198 -2.77012648942639 4.390056213056939
97.49999999999874 -0.5022010215010647 -2.8594702649400774 4.403015566362415
97.59999999999873 -0.4943920172326034 -2.770126489426384 4.3900562130417216
97.69999999999872 -0.5022010215010526 -2.8594702649400756 4.403015566344942
97.79999999999872 -0.49439201723259335 -2.7701264894263775 4.390056213025261
97.89999999999871 -0.5022010215010471 -2.8594702649400734 4.403015566332428
97.9999999999987 -0.4943920172325911 -2.770126489426372 4.3900562130187675
98.0999999999987 -0.5022010215010506 -2.859470264940071 4.403015566332822
98.1999999999987 -0.49439201723259707 -2.7701264894263695 4.390056213025637
98.29999999999869 -0.5022010215010608 -2.8594702649400703 4.403015566344562
98.39999999999868 -0.49439201723261 -2.770126489426371 4.390056213039863
98.49999999999868 -0.502201021501074 -2.85947026494007 4.4030155663585475
98.59999999999867 -0.49439201723262244 -2.770126489426377 4.390056213051068
98.69999999999867 -0.5022010215010836 -2.859470264940073 4.403015566365113
98.79999999999866 -0.49439201723263154 -2.770126489426385 4.390056213052035
98.89999999999866 -0.5022010215010867 -2.8594702649400756 4.403015566360694
98.99999999999865 -0.49439201723263276 -2.7701264894263917 4.390056213043327
99.09999999999864 -0.5022010215010834 -2.8594702649400783 4.403015566349623
99.19999999999864 -0.49439201723262677 -2.770126489426394 4.3900562130320635
99.29999999999863 -0.5022010215010742 -2.8594702649400787 4.403015566340295
99.39999999999863 -0.49439201723261605 -2.7701264894263904 4.3900562130263
99.49999999999862 -0.5022010215010634 -2.859470264940078 4.403015566338928
99.59999999999862 -0.49439201723260456 -2.770126489426383 4.390056213029359
99.69999999999861 -0.5022010215010564 -2.8594702649400743 4.403015566345494
99.7999999999986 -0.49439201723259807 -2.7701264894263753 4.3900562130380285
99.8999999999986 -0.5022010215010546 -2.859470264940072 4.403015566354419
99.9999999999986 -0.4943920172325985 -2.7701264894263704 4.39005621304552
