0.045454545530303016 -0.022675090093235897 -0.002420986994088008 0.08477530605956417 0.04747353641158017 0.0
0.08870007196759064 -0.04660438901385326 -0.005245240631734153 0.1776949073085141 0.09881915165701002 0.0
0.12969077137815682 -0.0717377915606725 -0.00856006044880293 0.27917598436620256 0.15401114043699307 0.0
0.16842142663119983 -0.09802501656104906 -0.01242967776429591 0.3896806774517994 0.2129830892963368 0.0
0.20492036442215886 -0.12541999312110988 -0.01689161480793599 0.5097266946014637 0.2756220705120227 0.0
0.2392424212393321 -0.15388472065279862 -0.02195432558880889 0.6398972156598448 0.3417609456406182 0.0
0.2714623763876717 -0.18339229657697456 -0.02759596101192607 0.7808492065600445 0.41116851553912803 0.0
0.3016691283444269 -0.21392890780009088 -0.033764110146434705 0.9333189805184177 0.4835375379350367 0.0
0.3299607437013754 -0.24549467716987422 -0.040376469587669564 1.0981235456977312 0.5584711079418514 0.0
0.3564403996728832 -0.2781033361763223 -0.04732255953695914 1.276156046380051 0.635468615291906 0.0
0.3812131702050332 -0.3117807675612953 -0.05446679498452928 1.4683735936219833 0.713913473501959 0.0
0.40438356572841894 -0.3465625455543807 -0.06165336543074576 1.6757762291844094 0.79306597612345 0.0
0.42605371950792403 -0.3824907188531811 -0.06871338278768808 1.8993769441378658 0.8720656910680133 0.0
0.4463221115767065 -0.4196102396805284 -0.07547451906071334 2.140164740565154 0.9499482041424216 0.0
0.46528272790964403 -0.4579656137837137 -0.08177280631949213 2.399065477571661 1.025680011968145 0.0
0.48302456295641816 -0.49759845645956147 -0.0874654685571679 2.6769078702102966 1.0982123212786499 0.0
0.4996313848843502 -0.5385465845954545 -0.0924428531829569 2.9744031334498233 1.166549561168964 0.0
0.5151816936798903 -0.5808449833403775 -0.09663714626286467 3.2921450516004724 1.2298229587289673 0.0
0.5297488128030846 -0.6245285003958587 -0.10002595475574949 3.6306324831326386 1.2873560248601583 0.0
0.5434010661390771 -0.6696356218077754 -0.10263003237199396 3.990310065812827 1.3387094415521341 0.0
0.5562020037915025 -0.7162124017650014 -0.10450595223495554 4.371617956562392 1.3836978928923143 0.0
0.5682106518992135 -0.7643156830305194 -0.10573570369773108 4.775040053706283 1.4223786653180877 0.0
0.5794817715812121 -0.8140150906178126 -0.10641555266210262 5.201142497919936 1.455018126983912 0.0
0.5900661191380308 -0.8653937138983101 -0.10664607859836168 5.650598616347855 1.4820452811656593 0.0
0.6000107035594752 -0.9185477255408369 -0.10652447190577459 6.124200659373415 1.5040013177965808 0.0
0.6093590390362488 -0.9735853381974964 -0.10613936842003281 6.622861312369195 1.5214917762459845 0.0
0.6181513905774288 -1.0306254940489892 -0.10556795658412706 7.147608842169957 1.5351451494926214 0.0
0.6264250109011407 -1.0897965877553164 -0.10487485067600091 7.699579378879877 1.545579506286915 0.0
0.6342143668691258 -1.151235404917491 -0.10411219635934564 8.280008904498693 1.553377288926881 0.0
0.6415513540472396 -1.2150863552093012 -0.10332055621897995 8.890226512702679 1.5590677258845609 0.0
0.6484654983901426 -1.281501006723888 -0.10253023463736216 9.531649671324022 1.5631160079941813 0.0
0.6549841445178808 -1.350637885865523 -0.10176280240946098 10.205781639680312 1.5659182782325334 0.0
0.6611326304667109 -1.4226624891687671 -0.10103265881871328 10.91421085159406 1.5678014446126554 0.0
0.6669344491598282 -1.4977474517742904 -0.10034852372874176 11.658611919030344 1.5690267924651775 0.0
0.6724113970756804 -1.576072825228456 -0.09971479087588037 12.440747882516815 1.5697963527549952 0.0
0.6775837107806965 -1.6578264289520221 -0.09913270190974571 13.26247337824971 1.570260999114052 0.0
0.6824701920790793 -1.7432042516461923 -0.0986013227590721 14.12573846748396 1.5705293188828924 0.0
0.6870883225925515 -1.8324108888176243 -0.09811832140105704 15.032592953504343 1.5706764371311006 0.0
0.6914543685646733 -1.9256600095870922 -0.09768055967346577 15.985191078227798 1.570752157953673 0.0
0.6955834766849909 -2.023174850397301 -0.09728452123172272 16.985796541018022 1.5707879994934566 0.0
0.6994897616896916 -2.1251887354442816 -0.09692660322760464 18.03678781439645 1.5708029122982026 0.0
0.7031863864351326 -2.231945624592387 -0.09660330096492199 19.140663751107482 1.5708076565965166 0.0
0.7066856351128991 -2.3437006898111847 -0.09631131339136575 20.300049487796862 1.570807954882028 0.0
0.7099989802107542 -2.460720921039135 -0.0960475937166228 21.517702655422607 1.57080662268326 0.0
0.713137143783593 -2.5832857624402523 -0.09580936470214416 22.796519909858404 1.5708049145711411 0.0
0.7161101535356557 -2.7116877799983743 -0.09559411316951288 24.13954379747153 1.5708033139356194 0.0
0.7189273941962024 -2.84623336150764 -0.09539957373678568 25.5499699714537 1.5708019600969576 0.0
0.7215976546102946 -2.987243450209956 -0.09522370808427975 27.03115477570538 1.5708008586989464 0.0
0.7241291709226098 -3.1350543135220668 -0.09506468334669929 28.58662321411084 1.570799974600155 0.0
0.7265296662267655 -3.2900183483518375 -0.09492085142683451 30.220077323518964 1.5707992669475686 0.0
0.7288063869663106 -3.452504924958506 -0.0947907299807996 31.935404970845802 1.5707987000969874 0.0
0.7309661364289142 -3.622901271005316 -0.09467298525629005 33.73668909393952 1.5707982451807616 0.0
0.7330153055260445 -3.801613398086448 -0.09456641672243397 35.62821740906 1.5707978795231974 0.0
0.7349599011551584 -3.9890670727714017 -0.09446994332466876 37.61449260743232 1.5707975849339149 0.0
0.7368055723444706 -4.185708834364424 -0.0943825912255635 39.70024306437415 1.5707973473475068 0.0
0.7385576343423277 -4.3920070620331 -0.09430348282834171 41.8904340878673 1.570797155512792 0.0
0.7402210908771237 -4.6084530935166566 -0.09423182697347186 44.19027973131023 1.5707970001688154 0.0
0.7418006547140787 -4.835562398415568 -0.0941669101830888 46.6052552003478 1.5707968747460588 0.0
0.7433007666510324 -5.073875808577452 -0.09410808878245325 49.14110988185837 1.5707967726133163 0.0
0.7447256131292467 -5.323960808638235 -0.0940547819138076 51.803881026322514 1.570796690182355 0.0
0.746079142511603 -5.5864128899174545 -0.09400646519126038 54.599908117210376 1.5707966227014678 0.0
0.7473650801868638 -5.861856970573229 -0.09396266510799116 57.53584795915168 1.5707965684848335 0.0
0.748586942589751 -6.150948885692293 -0.09392295392521659 60.618690522966155 1.570796523837802 0.0
0.7497480502086905 -6.454376950881778 -0.09388694517752953 63.85577558451037 1.5707964879122769 0.0
0.7508515396680572 -6.772863602938145 -0.09385428955408107 67.25481019663042 1.5707964582988982 0.0
0.7519003749792139 -7.107167121618248 -0.09382467127327851 70.82388703630545 1.5707964345638536 0.0
0.7528973580022971 -7.458083436455768 -0.09379780476443217 74.57150366915216 1.5707964146455393 0.0
0.7538451381871712 -7.826448023311422 -0.09377343173770451 78.50658277973598 1.5707963988413212 0.0
0.7547462216619677 -8.213137894696494 -0.09375131849676761 82.63849341317767 1.5707963857377742 0.0
0.7556029797075584 -8.619073689071055 -0.09373125356839582 86.97707328052708 1.5707963750235074 0.0
0.7564176566701842 -9.045221863807784 -0.09371304553670794 91.5326521800168 1.5707963661799516 0.0
0.7571923773301198 -9.49259699716419 -0.09369652110820341 96.31607659003043 1.5707963591285765 0.0
0.7579291538385907 -9.962264204571442 -0.09368152336261189 101.3387354917532 1.5707963531326155 0.0
0.7586298921462873 -10.45534167565492 -0.09366791018267524 106.61258748616372 1.5707963489647991 0.0
0.759296398080272 -10.973003336779824 -0.09365555281515227 112.15018926335692 1.5707963435763865 0.0
0.7599303829823237 -11.516481647017686 -0.0936443346501122 117.96472550070305 1.5707963436316201 0.0
0.760533469026752 -12.087070532526791 -0.09363414992307946 124.07004025011621 1.5707963334366202 0.0
0.7611071942054316 -12.686128468576683 -0.09362490301371461 130.48066990432756 1.5707963505013818 0.0
0.7616530169673432 -13.315081713646666 -0.09361650666141899 137.21187780272217 1.5707962972140959 0.0
0.7621723206424927 -13.975427705651033 -0.0936088832775055 144.27969057220432 1.5707964447307985 0.0
0.7626664175210137 -14.668738628203004 -0.09360195828298667 151.70093628662892 1.5707959831949898 0.0
0.7631365527605438 -15.396665152767454 -0.09359567667533136 159.49328453332475 1.570797499407904 0.0
0.7635839079950636 -16.160940373073352 -0.09358994822157972 167.67528848024037 1.5707921646007672 0.0
0.7640096047716842 -16.963383917010976 -0.09358482885099974 176.2664290532758 1.5708121406680164 0.0
0.7644147077737056 -17.80590633353303 -0.0935798672478331 185.28716131306348 1.570732519592353 0.0
0.7648002278631316 -18.69051343107101 -0.09357660423936523 194.75896316385902 1.571069968399574 0.0
0.7651671249113152 -19.61931189293561 -0.09356836910114649 204.70438622907196 1.5695502836736015 0.0
0.7655163105017082 -20.59451017159729 -0.09358463480550873 215.1471056976696 1.5768173333219058 0.0
0.7658486505844058 -21.61843127752691 -0.09348590141647961 226.11187024921833 1.5399422260872428 0.0
0.7661649679953866 -22.693158699152395 -0.09397343800289212 237.6216262581512 1.7382921755478153 0.0
0.7664660582417806 -23.8125479916419 -0.09142582793414171 249.60679876146415 0.6219360753768706 0.0
0.7667530127559087 -24.791564783131886 -0.09851584595024351 260.12831653479856 5.404505180490773 0.0
0.7670293707525886 -25.955169752207016 -0.09196680983497738 271.80375672864784 9.583861829669223 0.0
0.7672932833806139 -26.90362078030046 -0.09500547189326684 282.36811363694756 3.740633410163225 0.0
0.7675476140376429 -28.001422590910806 -0.10182622794026897 294.14771442221814 -1.713371094072249 0.0
0.7677921572693651 -29.496631409198084 -0.10367335694679819 308.9030525445314 -2.8896744710734743 0.0
0.7680247242748234 -30.725707408586494 -0.10729292885027679 320.9878491553787 -9.446493027936151 0.0
0.7682485205042499 -32.02898373717092 -0.10764004402363958 333.362848775841 -16.37459893853348 0.0
0.7684638206051531 -33.529126095383184 -0.10144323564767355 347.50463802333246 -22.592085936899252 0.0
0.7686702644893859 -34.97817764916559 -0.09594910885341217 362.00883207686485 -29.285382842631225 0.0
0.7688682720540568 -36.57632259507826 -0.08979723776604466 378.8421149636496 -34.28414434452557 0.0
0.7690576998984449 -37.88558561730332 -0.09424695597813358 393.6833962148941 -42.289805726674544 0.0
0.769239760010534 -39.7448468979618 -0.09242486365105673 413.4866268834619 -43.63416230692954 0.0
0.7694132735050863 -41.27579841057006 -0.09752316081500177 429.8596238738611 -35.019281266940226 0.0
0.7695802065003542 -42.945530038896095 -0.09333618641951533 447.2229745583144 -43.71938083616062 0.0
0.7697406767915055 -44.59522903020101 -0.09754444961129215 464.7080318070044 -34.267289946697076 0.0
0.7698952441797519 -46.34667639390197 -0.10184839507743397 482.91502145036566 -44.040147083129106 0.0
0.7700440453510689 -48.25436836598265 -0.10203939469735822 501.47789350088124 -33.66163615105779 0.0
0.7701874324693586 -50.52832615809778 -0.10910730543777562 523.965251153763 -41.53689613019302 0.0
0.7703245598877392 -52.93707439051275 -0.10274437448133858 546.2623859420023 -51.11104450073405 0.0
0.770456217341295 -55.429071208036994 -0.09618176106630151 570.4125250304016 -42.13352347755871 0.0
0.7705819968295888 -58.11615029215644 -0.09225385006905644 598.4857930301316 -46.44349337112782 0.0
0.7707020169914964 -60.43045461288783 -0.0996637694656688 623.8197887111571 -57.477877054921244 0.0
0.7708172777862466 -63.24959594855358 -0.09321961702781893 652.016327133231 -48.02126383957487 0.0
0.7709273257803282 -65.95787987707254 -0.08704131864129784 681.294000809075 -58.23971735459622 0.0
0.7710327503210549 -68.91648176665582 -0.08938841380569248 715.3856596310641 -60.53184528704361 0.0
0.7711330329775185 -71.72196927565797 -0.0833828007112653 747.0139737471584 -72.32606628903763 0.0
0.7712290722484519 -74.08806478935118 -0.08413015766616619 775.6962138101553 -88.34858637885306 0.0
0.7713216082644346 -76.69111875732544 -0.08125925176824078 806.4483467089754 -72.377193645017 0.0
0.7714105546815645 -79.18666500449994 -0.0814323828248211 837.4740249448239 -89.62401916667534 0.0
0.7714962768301893 -82.59578201721868 -0.08345992172078825 879.4407756034781 -91.70556785827796 0.0
0.7715778387353325 -85.61499502666871 -0.07864457231287098 915.9088214903265 -108.56175345031836 0.0
0.771656201938148 -89.18723830916525 -0.08210078486398092 961.469226246839 -113.05200194465631 0.0
0.7717308327828367 -92.2280799803679 -0.08413421771668177 998.3112328301357 -92.44221827544914 0.0
0.7718026809881062 -96.36433731909399 -0.08110093130384233 1047.6372771435667 -98.86413304570017 0.0
0.7718711329013269 -100.61091025961431 -0.08014063975833273 1100.1216098678678 -101.68090259672336 0.0
0.7719363824347323 -104.82016200051085 -0.07531695142022063 1152.5982338868514 -89.66948035157577 0.0
0.77199863921703 -109.14231469279751 -0.07817476671416564 1210.1262460243108 -93.97840892841519 0.0
0.7720579177711983 -112.83978646167527 -0.08276516023516994 1257.234248988117 -68.55237199689655 0.0
0.772114990166603 -117.12219248215771 -0.08964971281327662 1308.832176862611 -44.11788128157319 0.0
0.7721698625499339 -121.64078999093937 -0.08907249905104712 1359.093871766247 -16.22803614715326 0.0
0.772222685835524 -126.53038238731602 -0.08443946709382534 1414.3126772385103 -43.0565968753489 0.0
0.7722734238815916 -131.92071140684396 -0.09188452444214237 1478.0837764414862 -21.590751624472915 0.0
0.7723220255727032 -137.27409268935685 -0.09715671181078483 1536.681235037461 -51.81435993144085 0.0
0.7723688095713868 -144.73205966257277 -0.09642452320392352 1613.5975422505892 -50.86997850607333 0.0
0.7724133550164297 -151.17353222616012 -0.09086488768130763 1680.342159214509 -20.110562665435634 0.0
0.7724561134884164 -158.59992571230197 -0.08651527942683346 1762.1386000905266 -6.14179748254973 0.0
0.772496858264867 -164.46501693919032 -0.0893719910392777 1829.809621453652 31.37414826501688 0.0
0.7725361085075573 -170.72578297837921 -0.08995175922282675 1899.756483015998 70.51071055887164 0.0
0.7725739034824489 -179.19723724633718 -0.0926511234878923 1994.0599978575656 79.70914409950323 0.0
0.7726099398789364 -187.99957994879648 -0.09810925113270898 2089.365026062678 58.848014922409504 0.0
0.7726443349029484 -196.98385270630143 -0.09145024634192836 2181.29946894324 24.577852654201813 0.0
0.7726772720864125 -205.14255657561887 -0.08649295052815262 2270.4752595152418 67.02922375247974 0.0
0.7727089034644848 -214.2579953228426 -0.09324153117811922 2376.205117489838 37.859668622910974 0.0
0.7727391394955927 -222.77528983556934 -0.09606974607811869 2467.506074600643 88.32871068325021 0.0
0.7727682633462315 -232.1090244738838 -0.10090973050788529 2564.6483127396154 139.15775243472876 0.0
0.7727962947752474 -243.74541292814496 -0.10766643785708421 2680.066938464966 177.9119682702471 0.0
0.7728231372426112 -257.4435030551671 -0.10162651512173745 2807.6979532927285 149.29754091225172 0.0
0.7728487537287201 -271.6593401523779 -0.1000276701430283 2947.871231021226 154.93694340232153 0.0
0.7728731472721796 -285.13421219022734 -0.10659692581556658 3083.0132506955265 113.9707690431554 0.0
0.7728964812974746 -299.68233341656287 -0.11334250793300528 3219.6649165936715 163.10812203264794 0.0
0.7729188461295763 -313.7942129723946 -0.11065965843605052 3344.3089662069824 230.65997360494748 0.0
0.7729403728016148 -331.89319356805873 -0.11358605655279966 3508.3328389252006 208.19083844033162 0.0
0.7729608946678465 -349.38424742633583 -0.12017348156037683 3662.57847048784 265.4687371791496 0.0
0.7729805666356202 -371.290360604621 -0.1189043726266115 3845.3820367871704 265.0431535477548 0.0
0.7729993013498689 -392.9447866753812 -0.1236598449495776 4027.9136247136557 306.85095274745726 0.0
0.7730172021445704 -415.8269919111402 -0.11646049837335928 4213.394585033536 360.7645102226717 0.0
0.773034296628597 -435.62502424328835 -0.11122359020968729 4384.01849258557 277.7861242238668 0.0
0.7730507152794087 -459.5080668324227 -0.11436470495124858 4599.228585599521 306.994435764508 0.0
0.7730663749737978 -482.81433411120304 -0.10746501643532881 4803.413802432545 379.71048946249937 0.0
0.7730813550680792 -503.26439692964806 -0.10356504272034847 4994.352273922747 282.17971901756465 0.0
0.7730957583365015 -524.4117744283401 -0.09857184228619877 5198.823897932973 378.9789036493459 0.0
0.773109585999594 -548.7552819346186 -0.09340036671005694 5446.42073131898 322.82819456736263 0.0
0.7731227787390003 -570.5653937411258 -0.08769803538106251 5680.584598424982 227.41169403336602 0.0
0.7731354210422948 -594.5864359464634 -0.09340730946306777 5954.891770475471 280.6241120251324 0.0
0.7731474891257695 -620.1952631002966 -0.10053088217117963 6229.744330413346 200.37304819066514 0.0
0.7731590330368793 -646.591799067224 -0.09477597599316055 6492.7080535406485 314.0577466232684 0.0
0.7731701023568759 -670.1183148981678 -0.09491934665928664 6741.219441435328 452.50882119550516 0.0
0.7731807636922592 -694.6038053510865 -0.0976760435104964 6999.480182847572 596.1023556233489 0.0
0.7731910349335086 -724.2830970236761 -0.09158325774825654 7303.800507556225 714.8111038514852 0.0
0.773200872550996 -757.6026454132154 -0.09044175277077401 7668.295055544362 734.9415552625642 0.0
0.7732102414721644 -784.2824405628708 -0.08964738956382733 7963.621238351662 897.3150180312608 0.0
0.7732192629411987 -818.4254594211529 -0.08499726305886274 8345.089574855601 978.5993306554667 0.0
0.7732278682575349 -853.8789945628391 -0.08575570383336818 8762.953532882746 977.0124723947648 0.0
0.7732360631746165 -882.5033740855206 -0.08707829758286598 9097.596072435015 789.6618105295382 0.0
0.773243957792781 -919.8863622230069 -0.093610617985561 9527.820228714772 685.1347421429399 0.0
0.7732515003445942 -954.454404762546 -0.09790939140547318 9897.608629286275 884.8458432535905 0.0
0.773258764442665 -999.7407464841988 -0.09207959487261093 10360.99249638329 1006.4067680349488 0.0
0.7732656990091906 -1044.504261294291 -0.09856351538749808 10847.953179565773 1130.7952198784462 0.0
0.7732723267129823 -1085.5394994496153 -0.09749042695605345 11264.957625157307 1360.624503892344 0.0
0.7732787086053874 -1128.3085016808557 -0.10210965292809367 11704.79022041439 1126.42502082646 0.0
0.7732848531410338 -1187.428216505496 -0.09937437934757656 12285.107601985686 1073.3522853532083 0.0
0.7732907063745099 -1244.3149353763038 -0.09342964262415018 12858.661717351812 1226.8924359764328 0.0
0.7732962950541725 -1304.113370901343 -0.09205501042755228 13500.003017390667 1190.8583383918653 0.0
0.7733016175071087 -1351.8539730048105 -0.09563325546108084 14019.856390437662 905.2398873368979 0.0
0.7733067444544846 -1405.4480480124944 -0.1016319624780245 14581.207362338862 1186.7467501420301 0.0
0.7733116769786506 -1469.2718279149988 -0.09530889395350715 15210.418276222777 1438.41826946251 0.0
0.7733164023818455 -1526.8820809693375 -0.09160886498534644 15815.897547378896 1746.4595650878448 0.0
0.7733209449132518 -1583.0106801193392 -0.08979817734741952 16429.55952119666 2078.0316916708334 0.0
0.773325316889982 -1656.2976831941078 -0.09218703558694664 17247.2823576631 2017.827660616579 0.0
0.7733294823668687 -1727.6704211448377 -0.09962437272771402 18022.85230589968 2279.147769450974 0.0
0.773333472779403 -1817.067125124826 -0.10066841821607805 18922.147622775694 2240.055407413398 0.0
0.7733372727941152 -1889.718694943243 -0.10281323252076373 19645.62881636512 1836.922558382978 0.0
0.7733409338186771 -1979.861431440293 -0.09623220458250097 20524.512459753187 1534.5266155614283 0.0
0.7733444359255139 -2077.8370076585443 -0.09845583202078799 21544.689667405783 1615.0348040233366 0.0
0.7733477731027862 -2159.8585119309914 -0.10244497176176698 22379.32634511989 2067.174849735406 0.0
0.7733509871799142 -2247.130539555476 -0.10344977826188219 23232.917451802627 2545.174468402183 0.0
0.773354083330265 -2343.5626375233082 -0.10932819860113947 24167.003533147417 3008.073913594261 0.0
0.7733570615111758 -2475.1908807564487 -0.10875004285942988 25373.928779857546 3007.362737630074 0.0
0.7733598977651698 -2596.592916916861 -0.1156835852606467 26493.132774274418 2597.7582731612742 0.0
0.7733626173786232 -2716.195572159025 -0.11221907070655178 27529.943872904703 2050.1632928153995 0.0
0.7733652340648455 -2866.6480787269807 -0.1077008202626185 28874.127583728572 1846.4242492836265 0.0
0.773367727272292 -3002.5663950416883 -0.10111837001223554 30139.00176007708 2323.298164167203 0.0
0.7733701144562946 -3154.2268347478707 -0.09966158749773964 31642.107346640623 2399.286528373452 0.0
0.7733723869117625 -3294.3693365922527 -0.09338543592870831 33051.169261402 2895.7876090387754 0.0
0.7733745612688426 -3426.90003096622 -0.08761890125884292 34472.98630567944 3472.4728203913 0.0
0.7733766454203731 -3565.6952488699303 -0.09504328179480186 36060.1522503676 3001.955178089508 0.0
0.7733786381444508 -3735.3992254178465 -0.0927828559528114 37849.27831167716 3164.939919361925 0.0
0.7733805362641039 -3908.307465381365 -0.09636744744497226 39716.60103711579 2942.166949396326 0.0
0.7733823465041565 -4099.087203201565 -0.09546151648093748 41700.42493909915 2869.5316842720463 0.0
0.7733840710210277 -4292.08911029394 -0.10021241941893458 43726.42144045849 2519.9596065889386 0.0
0.7733857150450147 -4465.204035399054 -0.1056298592809361 45457.45381731404 3411.941557677917 0.0
0.773387298682099 -4649.199375902716 -0.10851984295782059 47203.20820570875 4375.147387405448 0.0
0.7733888229962312 -4888.6431112439395 -0.10235707410053649 49415.122258653195 3803.5811344555823 0.0
0.77339027810439 -5113.132573821638 -0.09592851013702922 51613.37906026742 3026.4435616582987 0.0
0.7733916722158818 -5344.852549283923 -0.10242205814004603 54034.020364350836 2399.3145373349766 0.0
0.7733930000314286 -5588.826879843926 -0.09600532356407081 56421.243590867074 3269.2474538106644 0.0
0.7733942767268782 -5845.899334142088 -0.09084415881819011 59104.55696898905 2656.1210331761104 0.0
0.7733954910414669 -6113.300631215192 -0.09274959559984453 62053.774226070505 2498.5437957872227 0.0
0.7733966467353014 -6375.215577805833 -0.1000793272056304 64883.39458767349 1612.7778760487731 0.0
0.7733977549017067 -6682.558240942809 -0.10589041733551614 67961.16006854856 894.3508598651565 0.0
0.7733988144297624 -7011.749650590667 -0.09944358777044768 71077.36660134907 -44.0332396470626 0.0
0.773399824700567 -7281.021567552458 -0.09997403800373797 73790.76616917262 1473.4998043726312 0.0
0.7734007987968247 -7562.4095222249325 -0.10219548366626491 76611.68916724857 -99.41344643101638 0.0
0.7734017395172961 -7930.973997063247 -0.10814423893741242 80226.08947016625 786.9482051125906 0.0
0.7734026381202314 -8363.277350029228 -0.10802608502579485 84233.20242891373 833.5176501307782 0.0
0.7734034929461729 -8778.638399692605 -0.11460922440774204 88087.60380258203 -340.6982888790948 0.0
0.7734043105323841 -9277.148087685344 -0.11142898329132178 92448.64300538927 59.26744273907309 0.0
0.7734050902139055 -9685.194083696231 -0.10736905929450523 96119.99170953079 -1815.6279126948225 0.0
0.7734058391119416 -10082.102774818788 -0.11076710478908884 99825.30390445638 212.609256747543 0.0
0.7734065596083011 -10589.830852480745 -0.10428748867672841 104420.37913552503 1561.4597102232715 0.0
0.7734072515158076 -11005.084874034643 -0.10642704910330637 108411.53611442847 -664.9089384836143 0.0
0.7734079141156327 -11546.97548752167 -0.11239516748419047 113515.10182119452 609.2429680164153 0.0
0.7734085474466045 -12038.119797072748 -0.11050752750266125 117895.86936559643 3000.0869745927794 0.0
0.7734091593688404 -12535.870795080145 -0.1097954419165833 122411.50405106344 494.0056182768858 0.0
0.773409744559657 -13114.321764801873 -0.11695204113140373 127693.09895903297 -1617.8560951719455 0.0
0.7734103120554483 -13682.678564377791 -0.11839708005265584 132566.19255187776 -4341.181017084417 0.0
0.7734108535179061 -14313.683379401562 -0.12411472754120859 137910.30811730874 -1714.8838440241643 0.0
0.7734113784565577 -14991.345928160044 -0.1290725112525286 143386.35232949426 1077.9461693891521 0.0
0.7734118787426963 -15717.701288619679 -0.13348542718710923 149031.83966007206 -1858.1350483789984 0.0
0.773412360784984 -16701.3790674879 -0.13036616420347 156425.72443456648 -2341.501041464298 0.0
0.7734128196086376 -17634.50313589145 -0.1232893481028617 163606.5985863373 -4464.865406964741 0.0
0.7734132563957976 -18476.482986808594 -0.11716430378439585 170456.14270644423 -7489.776717855721 0.0
0.7734136811194217 -19244.974453485767 -0.11549501726474762 177032.88044176027 -3895.4346813385223 0.0
0.7734140914876224 -20026.675077238324 -0.11817219997680964 183818.95559687284 -132.52646390839345 0.0
0.7734144828779171 -20916.132028827487 -0.11287699237499993 191366.30562875775 3403.792448541692 0.0
0.7734148576094887 -21988.014753405903 -0.11464413613649634 200886.7548029855 2748.660169439868 0.0
0.7734152105576518 -22875.772696006497 -0.11296387117226164 208650.895750562 -1481.362064817551 0.0
0.7734155657872887 -24047.181290970682 -0.114401754023615 219047.30508066187 -893.5981973774323 0.0
0.7734158972127413 -25283.352528554053 -0.11144532162849984 229881.1100600427 221.87457230314783 0.0
0.7734162126144642 -26505.598759238157 -0.10632799018368133 240876.07746035734 -2132.045994308489 0.0
0.7734165041616283 -27705.756154331833 -0.11283854166816827 252190.10114454458 -5031.814213541268 0.0
0.7734167927559124 -29012.697685545536 -0.11960499417226018 263802.12342711654 -1613.1086037258742 0.0
0.7734170598924178 -30579.435572382034 -0.1176287150557953 276938.16388660634 -2341.8169704615148 0.0
0.7734173201887538 -32174.549792600712 -0.11383155540543242 290535.8823477019 -4154.460739656268 0.0
0.7734175764074379 -33781.17751235494 -0.10958295789975762 304686.60695482604 -1846.3861086681204 0.0
0.7734178082267583 -35256.84434665846 -0.11712633785236869 318185.7921876938 3026.0549057728626 0.0
0.7734180254382896 -36829.796064039234 -0.12426143513373801 331651.9530433468 -2735.9261054680715 0.0
0.7734182441230114 -38455.46226726704 -0.12936734204028197 344773.72616937663 -9500.925223060634 0.0
0.7734184518721282 -40358.75937841394 -0.12272926367025892 359532.7293796416 -3448.0714732963206 0.0
0.7734186468603276 -42535.882282091385 -0.12492904407278421 377323.75126807427 -1727.8044545125886 0.0
0.7734188399613253 -44330.90696146298 -0.12665563086344173 391735.11548521323 6321.932614171091 0.0
0.7734190201395709 -46623.767527399345 -0.1327498319776444 409893.73424047267 11397.54794194633 0.0
0.7734192133957549 -48702.583681966054 -0.1315822529261475 425605.19897674257 20096.906115768492 0.0
0.7734193745513588 -50840.793476560415 -0.13391011668249891 441908.49337700167 11053.750235198366 0.0
0.773419529050969 -53779.68561090564 -0.13213930867957646 463929.15682709694 10357.588724686259 0.0
0.7734196878953655 -56142.20017478587 -0.13001352337943303 481867.16654254973 605.628244254769 0.0
0.7734198165685986 -58782.40701562846 -0.12382653041304215 502239.5916057385 -8126.4461721504285 0.0
0.7734199622111743 -61515.91315145654 -0.13108041228686584 524380.4190529621 -16271.951091021125 0.0
0.7734201029436689 -64930.29839510484 -0.13156071114343465 550513.0732406251 -15220.034315924577 0.0
0.7734202427038946 -68220.8558680024 -0.13808290854826552 575606.662394173 -23023.12304517119 0.0
0.7734203712580677 -72168.89307325573 -0.13655422276595824 604299.8021663056 -22401.17587955924 0.0
0.7734204775002427 -76268.3587433869 -0.1365212403502578 634425.0480387807 -23235.2889242289 0.0
0.7734206063013881 -79564.83033827406 -0.13649749455829008 658655.0847905533 -9699.364729396595 0.0
0.7734207101841587 -83916.43044164906 -0.1316032344751926 690646.4112151973 -15037.937422140112 0.0
0.7734207939758202 -87922.82836608533 -0.138718320514779 721189.1093544194 -26111.24578018179 0.0
0.7734208939855233 -92880.44514668005 -0.13637418557118602 757055.5632651027 -28147.602232720834 0.0
0.7734209741007587 -97672.96980416065 -0.14234844757485557 792319.9171608608 -18630.473603529033 0.0
0.7734211008224138 -102587.46019088059 -0.13547866153240704 826973.1322005882 -5522.073360299137 0.0
0.7734211851011675 -107498.10016022556 -0.14258573828228838 863344.051536043 7973.362999929766 0.0
0.7734212987619128 -112176.96253608956 -0.1433944974428795 896281.2061838547 26418.17854624739 0.0
0.7734214276851233 -117369.37064363022 -0.14937643858265193 932628.9399379633 8814.159442717137 0.0
0.7734215429739232 -123946.32209108246 -0.14307833250557192 976837.0934976261 18937.233123139922 0.0
0.7734216243637877 -129362.2557036038 -0.1405549234679345 1014832.4945929492 39342.012281119096 0.0
0.7734216691948301 -134817.02510823007 -0.13973670510291988 1053783.2608959493 17782.80453350266 0.0
0.7734217434938849 -142069.75672735018 -0.1419960362832518 1105873.8487702375 23024.77019533565 0.0
0.7734218041297574 -148043.90695889643 -0.1434578075354987 1148103.1547758766 -606.848975884328 0.0
0.7734218618175283 -154695.3649989177 -0.13861357231058213 1194644.0703301649 -23204.068576434995 0.0
0.7734219258402723 -161100.41994546624 -0.13663712463450767 1241016.8368093476 1856.6000361426486 0.0
0.7734219971507915 -167564.97578013752 -0.13693718794429272 1288493.6724518663 -24642.733466683087 0.0
0.7734220502924655 -174291.46637886207 -0.13724385121546132 1337786.2262027573 2871.264460026523 0.0
0.7734221130030003 -181317.70445762307 -0.1367010344995688 1389161.0719001687 31312.815305596898 0.0
0.7734221785207921 -189063.40926990026 -0.1434271301017819 1446020.472536795 4357.661586403861 0.0
0.7734222372666899 -197088.9640058328 -0.1475630530501 1502188.024600622 -25934.95269312171 0.0
0.7734222520212236 -207461.95507030163 -0.1413123956641427 1572762.9098373787 -43673.668585338426 0.0
0.7734223368517321 -216963.20406823984 -0.14857491952794707 1640246.5730199525 -16086.609557581098 0.0
0.7734223956512869 -229045.40967389627 -0.14914174098133468 1721894.489462758 -19939.938955879566 0.0
0.7734223742756043 -238952.0301960633 -0.14711419223502925 1788587.9165448127 -56123.72109934679 0.0
0.7734224005333815 -250432.68891066135 -0.15421183742044553 1866935.8476323374 -85679.96292341288 0.0
0.7734224246049078 -262532.33489128726 -0.16094227763420738 1945734.305152472 -119613.80242124612 0.0
0.7734225054689406 -276063.3089327331 -0.15393539860757155 2030197.8485734975 -86786.6027460983 0.0
0.7734225900647492 -287973.5529206124 -0.15359819508874625 2107901.254039046 -130057.70284075143 0.0
0.7734226837788493 -303069.92341165384 -0.15928063745976656 2206605.3213318805 -155551.40904431065 0.0
0.7734227528515623 -320370.0706745653 -0.1607764982412624 2315714.134479171 -145745.1496715344 0.0
0.7734227848619554 -334991.7171860116 -0.15708108689798905 2407078.90403559 -98293.27118401253 0.0
0.7734228079850246 -351688.0313014086 -0.1639344339197174 2513841.7128120014 -60188.71540084313 0.0
0.7734227510202344 -370720.97362575226 -0.16958577488390988 2630499.6059864275 -92225.75730465207 0.0
0.7734227712730315 -391802.12846502964 -0.16321306361228508 2755443.314046126 -64500.741496264236 0.0
0.7734227867211514 -410740.69806632795 -0.15690269047076547 2872031.552819225 -114321.98046388983 0.0
0.7734228126013998 -429162.3994968207 -0.16351368875633582 2989959.8341710325 -58944.630729005854 0.0
0.7734228880767314 -451833.508513206 -0.16924990317646996 3129271.5233763536 -96248.81387887985 0.0
0.7734230951896321 -472064.99772733886 -0.17189047296015814 3249415.244484478 -162667.48707064887 0.0
0.7734229099205856 -497718.14208103827 -0.17759737720891008 3399436.5937372395 -205272.64826402906 0.0
0.7734228001072939 -525037.7613882406 -0.17031510623813678 3554119.7272742903 -157329.9512139318 0.0
0.7734229681287684 -552651.7608225202 -0.17642113235062387 3717087.378204846 -108704.48077535431 0.0
0.773423030205769 -581761.4744910514 -0.18281863467286533 3882994.6590696787 -51552.38628032916 0.0
0.7734231720882228 -615152.9831724105 -0.18726949403547966 4066713.4483880103 -9448.004137008167 0.0
0.7734231556331991 -651563.9135013773 -0.18121087099622818 4262336.825729272 -45543.557596311584 0.0
0.7734231105861507 -680959.7736197852 -0.1832686059199235 4425491.166513451 -136347.0801232725 0.0
0.7734231425660555 -719402.3099256698 -0.18753035472488908 4636486.983554803 -181068.11862857066 0.0
0.773423011700067 -756042.3162758908 -0.1939722032669762 4833070.191276182 -97981.9465367085 0.0
0.7734229504868073 -800413.9171859183 -0.19782844187136306 5063321.62403678 -146294.18685796706 0.0
0.7734230252982027 -839458.0698334596 -0.2020593208533426 5262027.263721298 -250505.37158056058 0.0
0.7734230515528281 -888268.1817801641 -0.19457765540000876 5505301.00971499 -183497.2646491705 0.0
0.7734229858026945 -928887.00518572 -0.1955016733510972 5715431.383808293 -301144.5648549318 0.0
0.773422896195119 -978521.354780539 -0.18818756328203817 5971002.586476853 -388093.71451181226 0.0
0.7734228210858995 -1021621.5407362196 -0.1867052146210409 6201447.29148796 -261816.62826909416 0.0
0.773422681492619 -1068721.9487515762 -0.1931233500250536 6455257.544557207 -382098.0755353287 0.0
0.773422796012561 -1128783.1918362533 -0.1963871310243821 6768276.425100813 -330590.0755698988 0.0
0.7734229976713536 -1180128.0392560724 -0.193880253681634 7031477.574316052 -188964.20318780572 0.0
0.7734231012666728 -1235350.8821952732 -0.18873074334683984 7318170.9484763285 -326114.0579578915 0.0
0.7734228870382169 -1298704.7798794636 -0.18214699939577722 7655945.405256392 -423080.3569103683 0.0
0.7734230518388349 -1363320.5237368208 -0.18836453031306916 8012756.634897242 -519480.7194023814 0.0
0.7734230543209583 -1423642.1215243593 -0.1944588908186824 8334983.070628089 -359046.9829826642 0.0
0.7734233706564183 -1490791.6373657892 -0.18866292320293065 8682570.115660263 -203127.17763464138 0.0
0.7734233618665931 -1569174.464508467 -0.18337153882202992 9100618.121938841 -283265.6517195482 0.0
0.7734233958154317 -1641510.116308949 -0.1772040906100838 9497420.355400322 -129813.11000012668 0.0
0.7734230277352862 -1711461.0708128407 -0.18473938333910395 9894350.413665157 -308098.96779590193 0.0
0.7734231633518228 -1781474.3247996734 -0.18824756003455537 10275602.678518917 -518687.9693898851 0.0
0.7734230933006937 -1877338.8639246742 -0.18801585257167802 10788000.457351666 -511025.5390946732 0.0
0.7734230055770982 -1977793.3448587295 -0.18649442249556958 11325586.040285734 -493239.73377078405 0.0
0.7734229907575413 -2059465.8607005689 -0.1849325622424013 11766182.435586639 -731532.9428453329 0.0
0.7734230382663617 -2147500.2823082036 -0.1806320768214852 12245062.876317268 -499756.4025097103 0.0
0.7734227793332328 -2254491.7088289307 -0.17632022749128803 12840774.302328952 -599240.3522756348 0.0
0.7734221806247271 -2344034.014848648 -0.17359803753101624 13351394.755066205 -336213.58519276325 0.0
0.7734216929998546 -2434789.899773085 -0.17167427184972212 13876976.913572846 -58681.16064936394 0.0
0.773421890888614 -2534147.8060037377 -0.1795923522030693 14458761.016674943 -318331.7272185593 0.0
0.7734217109517852 -2637221.329575972 -0.17648378769198983 15035944.11943189 -24110.10173447471 0.0
0.7734216086405408 -2769073.351619797 -0.17568537313379096 15787141.666026965 -2637.3923814520203 0.0
0.773421423934262 -2906989.469133415 -0.17611654879716399 16576434.956386492 8560.473959561157 0.0
0.7734212401567319 -3021730.065342342 -0.17379338210989975 17231502.652660374 -333980.28270209336 0.0
0.7734213787105235 -3148499.2214298323 -0.16858823993523706 17964842.094784882 -645598.7927037606 0.0
0.7734211164545057 -3299138.8553440385 -0.16789185257005107 18862898.41188051 -611224.0484774135 0.0
0.7734207560627572 -3446756.9193581166 -0.17493288934474022 19746572.288747378 -845940.0308331754 0.0
0.773420785306407 -3580158.1080152034 -0.17411365028359801 20513300.17101703 -1263449.4036733445 0.0
0.773420378652735 -3755683.5506756343 -0.17124356092329102 21526827.070931375 -1149887.4902937356 0.0
0.7734202837529525 -3937461.2308814423 -0.17420417695089438 22593871.607178424 -1254760.0739362468 0.0
0.773420527384384 -4132464.686707924 -0.1760533254468247 23719291.93096011 -1326527.0620885254 0.0
0.7734201866268391 -4323687.246437887 -0.183188997175535 24811408.083744805 -1651215.8812929147 0.0
0.7734202157799515 -4534331.949238119 -0.17721871758195212 25968066.240050327 -1337829.3385251837 0.0
0.7734208025799537 -4742108.20944315 -0.1712319264848432 27146983.899862874 -957340.5683416098 0.0
0.773420741349923 -4919875.905284499 -0.17461450978438517 28190564.28314451 -1538667.784632768 0.0
0.7734216814051602 -5119294.042159115 -0.1706968570385255 29338807.27535155 -2094766.878577686 0.0
0.7734206439577553 -5310375.328675948 -0.1726237751673452 30464035.977423873 -2724737.4203711227 0.0
0.7734206211899564 -5520042.646847105 -0.17931842966714917 31685069.22239396 -3341704.6634441745 0.0
0.7734201509198239 -5789223.001883754 -0.18501067230661794 33194691.07399589 -3003316.771812769 0.0
0.7734203867254371 -6088298.784353765 -0.18101790029371503 34820932.281508625 -3230298.8090474685 0.0
0.7734199913219728 -6329602.660419737 -0.18107199233713137 36161695.96415806 -2487446.4456857024 0.0
0.7734213827286527 -6601926.7062147455 -0.1885710098373195 37674352.51151684 -3164824.458655389 0.0
0.7734219694089803 -6876902.235988172 -0.19317557711848937 39141629.65492143 -3956140.425596075 0.0
0.7734218175156605 -7239116.074188536 -0.19748308404945947 41028894.07264814 -4309805.143911784 0.0
0.7734220896873821 -7631790.449187148 -0.20063679874393786 43030773.59463144 -4014564.6352531193 0.0
0.7734212469586861 -8043863.739175603 -0.20482458588558566 45098990.16068773 -3614944.528675724 0.0
0.7734209917659484 -8491496.785653403 -0.20758725964653055 47300408.95051138 -3927053.500693456 0.0
0.7734199400772951 -8866010.116318215 -0.21038183046209957 49118087.19822626 -2920327.617383669 0.0
0.7734197457540458 -9278038.082957901 -0.2058745140088134 51091650.924851924 -3902501.75102117 0.0
0.7734174471356418 -9688739.526478859 -0.2108790424592654 53101349.29356806 -4959215.755723272 0.0
0.7734164635422138 -10226716.3116263 -0.20553774436691938 55672220.77886622 -5392116.291063043 0.0
0.7734159704017735 -10667403.75712094 -0.20961277780283022 57831906.146708846 -4217927.883402033 0.0
0.7734146322723455 -11149171.749253482 -0.20553542780856146 60147652.05582942 -3052374.106459164 0.0
0.773412817166874 -11641323.463702762 -0.21158121270266061 62559557.99867642 -4264212.367440624 0.0
0.7734118127203451 -12146453.145397559 -0.21452678618487342 64965301.11963515 -5597118.116444561 0.0
0.773410805799623 -12676528.601712303 -0.2145422677182039 67455930.2921233 -4208781.301480189 0.0
0.7734097533708272 -13325184.312023312 -0.2210229578983275 70503645.63828024 -5198977.157242308 0.0
0.7734098494143324 -13954812.772954667 -0.22718101484159012 73376371.88271588 -3821516.2532407613 0.0
0.7734081508456409 -14753490.918246811 -0.22152596476180447 76923380.12387063 -3229119.1715502595 0.0
0.7734082856563714 -15585820.759171482 -0.2229852757339596 80712444.96107934 -3600151.9218817847 0.0
0.77340816699451 -16272730.966684775 -0.22602086898592658 83819411.89812101 -1882980.9303512012 0.0
0.7734087059456592 -17197726.02049677 -0.22214330090628254 87947936.44810264 -2275763.1133475206 0.0
0.7734078349145987 -17956937.103518676 -0.226948013486973 91394658.5105527 -444705.2085978461 0.0
0.7734063839653291 -18751158.88474069 -0.22567157174550112 94925125.86222926 1492185.5942435868 0.0
0.7734093867010399 -19790809.205196768 -0.22803967839611483 99572383.25635903 897553.4498271231 0.0
0.7734091032173674 -20687927.58331594 -0.23367157791167495 103541805.47602557 2919287.7451195666 0.0
0.773412737127533 -21650431.16568778 -0.239437305734904 107699803.59552284 4993982.909827148 0.0
0.773408915219149 -22664345.55251052 -0.24463875792149592 111976250.44517374 7186777.683949744 0.0
0.7734068092228893 -23960961.979482733 -0.24812319059751967 117330950.28509536 8232380.239840019 0.0
0.7734042337159502 -25062675.235560417 -0.2495659766440851 121818132.40757903 10741131.806408845 0.0
0.7734023423830331 -26538420.308790706 -0.2505050821648746 127794209.00251552 11339567.665428557 0.0
0.7734115153045562 -28106992.90107533 -0.24902211387373674 134122996.71155399 11418235.305581303 0.0
0.77340928944994 -29460428.06047481 -0.2552185999638023 139616014.8552102 8823823.717610227 0.0
0.7734087407662087 -31073846.217521586 -0.2606736426702872 146006285.3127238 10710364.58452906 0.0
0.7734098050631955 -32527034.903351065 -0.2588289670999925 151644728.00083685 7624435.1683754325 0.0
0.7734105810721514 -34038456.22830071 -0.26285919413949 157550869.1173793 4450591.9875404695 0.0
0.7734069002925336 -36034647.6747666 -0.2643523511471882 165234919.77835947 3499078.796230264 0.0
0.7734035011637413 -38080530.73216256 -0.2682380432455601 173065175.0181235 1799446.9634507317 0.0
0.7734047808708594 -40045685.09234835 -0.2611903177409925 180480544.20657793 4810178.006126238 0.0
0.7734041504365083 -42002952.30457532 -0.26784394374944615 188059774.64933228 1485597.8225168735 0.0
0.7734055337028789 -44461247.328832895 -0.2672747023307406 197349948.79189414 1912686.9637792802 0.0
0.7734011531272357 -46581843.46349193 -0.2733612747456759 205378926.5040921 -1959773.875586867 0.0
0.7734026361820173 -49250339.58987199 -0.2673040157144754 215259618.20885804 -3682917.942677714 0.0
0.7734141984782683 -51599137.28696844 -0.2617678102493507 224152943.85006773 -7794064.38926799 0.0
0.7734167097695446 -54113234.25254297 -0.26885181413423853 233867100.10484207 -3962256.729319577 0.0
0.7734187592118796 -57190186.7323073 -0.2667618459239396 245455904.70912886 -4196007.533558442 0.0
0.7734247494136267 -60150412.482777394 -0.27286495848507125 256687028.14310622 -7573141.41014672 0.0
0.7734270985369427 -63070170.90496324 -0.27968565893506314 267524439.49910995 -2893113.389654574 0.0
0.7734308334416998 -66635672.474860534 -0.28241827634859673 280445147.33576083 -4992573.154518103 0.0
0.7734361891017756 -70382437.11225006 -0.2763017782075867 293889886.5543093 -7484324.529999524 0.0
0.7734293740381963 -74352893.02360769 -0.27429565614442886 308452537.64894843 -7209083.608087812 0.0
0.7734308666589613 -78417080.72232917 -0.27700910978543913 323465890.3797865 -9369998.694603585 0.0
0.7734281897392368 -82148894.59043781 -0.2710992655103083 337120308.9563956 -15288395.455491506 0.0
0.7734299855610663 -86547140.74287032 -0.26647830297637837 353554643.6393781 -17648232.69164182 0.0
0.7734199801085168 -90159055.30231252 -0.2706843018734212 367272689.5735809 -25189376.41750672 0.0
0.7734114197415872 -95017947.80448334 -0.27171002530129207 385450227.42663735 -23895634.617742367 0.0
0.7734133704260264 -99556164.47905761 -0.2790933408317373 402366222.19180626 -30284025.97713983 0.0
0.7734008577800083 -103992415.99051386 -0.28517696796068587 418471372.5934804 -38469399.96128387 0.0
0.7733988362353044 -109390462.72386451 -0.27827631842952183 437661845.2458062 -32801178.31350747 0.0
0.7733925836202312 -114965773.75014672 -0.27179063293648836 457962791.16863483 -38419326.83502251 0.0
0.7733837261570676 -121037669.38326924 -0.27359084810540757 480586119.15115017 -36347823.26124008 0.0
0.7733741734574294 -127492880.6875125 -0.2720685070757119 504483844.69242597 -36970720.74930282 0.0
0.7733754429903965 -132800634.24210815 -0.2772723159334789 524240348.67935395 -26306641.174502835 0.0
0.7733701344447466 -138351458.72251725 -0.28083934150546586 544510767.6783502 -15051038.431991259 0.0
0.7733617948025019 -145327749.316843 -0.27435463815447053 569679992.5641427 -7883337.702528762 0.0
0.7733563500496263 -152453397.18404216 -0.26815338839402897 595990938.1081127 -242948.6627334254 0.0
0.7733655711708957 -158566369.84317622 -0.272070013346514 619064395.891219 -13064205.474539373 0.0
0.7733740900829865 -165753509.45770788 -0.27998516696155795 645819216.6120857 -2230945.4870626684 0.0
0.7733906202321503 -172630422.56751978 -0.2819435023841863 670701495.3901238 11702819.201720007 0.0
0.7734030343530075 -179849222.20166463 -0.2857801732555522 696676751.9715196 -2654757.673564054 0.0
0.773398359711738 -189267349.22924015 -0.29010448699488667 730115699.3612344 3850458.8378327526 0.0
0.7733945540627221 -197540503.31102213 -0.2957427678230095 759033859.4686542 -11295140.59292001 0.0
0.7734080069887858 -206168997.47991812 -0.30035990994412864 788668341.310627 -27321631.134691108 0.0
0.7734285844656955 -216629656.23855093 -0.2934269556116411 824074232.5431719 -39150498.84900609 0.0
0.7733945473210604 -226354362.76085544 -0.30026619274902366 857705936.6648389 -55457036.612634346 0.0
0.7734169099895908 -236107214.0308174 -0.3015630383623468 890720316.8837507 -73904115.51729316 0.0
0.7734386870684096 -248892362.94714054 -0.30490466719478015 933739020.1183456 -81246828.85917312 0.0
0.7734583045326248 -260203177.99038056 -0.31125243137283926 971455314.6091516 -99966911.75976732 0.0
0.7735143857302867 -273652942.0017646 -0.3041977963166616 1015349806.3968114 -85807079.78653146 0.0
0.7735058300343466 -286331750.8384954 -0.3113378466017337 1057665743.2150065 -66617658.73915446 0.0
0.7735318983588828 -301676213.82372624 -0.30507418040071865 1107788454.757591 -77610741.33064026 0.0
0.7735564103021686 -316001188.07766616 -0.29896063708735043 1155481553.3202317 -58085638.6708764 0.0
0.7735722136249227 -329172110.1380931 -0.299858741216862 1200194142.0356941 -83031416.70045735 0.0
0.7736044123703087 -344027949.14748615 -0.30735344895822264 1250437905.0442672 -105777744.78151582 0.0
0.7735957308795773 -358893667.2457587 -0.31269389821138577 1299650206.3907683 -79530808.73566778 0.0
0.7736118213543749 -377275656.58465946 -0.31888252624187297 1359347136.5645351 -97170659.659435 0.0
0.773601108493194 -397658053.34007573 -0.32283106258171645 1424285697.0516825 -84103018.52269918 0.0
0.7735853066369665 -417328962.18217397 -0.31612961508769305 1486187958.3477924 -59860334.33252025 0.0
0.7736207934858664 -436789470.7112344 -0.31068847732608534 1548691874.129786 -32076017.53508924 0.0
0.773607844127725 -460283471.567083 -0.3091866728832521 1625619557.7035596 -33357152.149920188 0.0
0.7736562918426428 -482728957.33276945 -0.3028244653101005 1699377814.0798333 -57190546.99126075 0.0
0.7735993112639418 -507981960.27267486 -0.30239245900735523 1784032853.320485 -57772259.16920164 0.0
0.7736583948518229 -531011277.9166416 -0.29682086035485883 1861217411.8425596 -89315299.24739859 0.0
0.7736741286993345 -554959010.6397601 -0.30501368651810495 1943187060.152439 -120502643.13293678 0.0
0.7736298248795301 -582881982.986195 -0.3100680332853987 2036318684.3975868 -139664157.6588341 0.0
0.7736563525972296 -607805763.2167604 -0.30762082438036503 2117868558.327709 -97704658.20933628 0.0
0.7736563960906592 -638261411.6332614 -0.3131515088720026 2218525818.5660777 -120742579.81257108 0.0
0.7736174619053039 -666198536.9081004 -0.3203186562483496 2309049234.139991 -165047757.70465878 0.0
0.7736799257027296 -694234581.6444323 -0.3235927949904323 2398408494.6841497 -214603562.34714586 0.0
0.7737160599347376 -732030698.0328834 -0.3227314851200541 2517223104.8389864 -213234873.40709022 0.0
0.7737675447404239 -767544144.1042093 -0.3162973000465831 2629416714.627582 -173708637.15774584 0.0
0.7737166969905536 -808134414.0925101 -0.3165127315005277 2759866998.157405 -178842136.59743562 0.0
0.7737172796676933 -842760003.68137 -0.3134786901447558 2871254689.164386 -122952132.56070335 0.0
0.7737265582657266 -883405458.3948412 -0.3075187575844303 3003351394.0454726 -162422369.0368051 0.0
0.7737328860082272 -921464668.4074293 -0.3157324318993198 3129179182.8036475 -104930530.29399529 0.0
0.7737732074137194 -960797173.1318691 -0.3124868061163489 3256313516.22547 -167746359.91226828 0.0
0.7738054280188255 -1004855889.8715757 -0.3205440133773206 3400170447.939646 -221077924.8181381 0.0
0.7738635451138973 -1046870559.4574568 -0.3196206625953593 3533992835.3867855 -292743098.07448786 0.0
0.7739153319014391 -1094383712.250013 -0.314289201851658 3685276110.228278 -229283086.3643799 0.0
0.7739238658618346 -1140402865.1800063 -0.31218494232345706 3833281349.03954 -306017806.13743997 0.0
0.7739143882103214 -1186523505.0470667 -0.3132432706557255 3982580450.8759522 -389414650.18605 0.0
0.7741076831537401 -1234312278.8451397 -0.31696230715582274 4137276251.6250534 -475794769.1426245 0.0
0.7740921590707496 -1287475325.2189505 -0.32504716906084585 4309024017.610383 -555664602.0940412 0.0
0.774074171208874 -1346900738.3137279 -0.3191600841558343 4496039431.81954 -481053721.13342786 0.0
0.7741972911041899 -1406767350.9020042 -0.31418619476220716 4687835373.606654 -563035034.7100455 0.0
0.7741097147924231 -1466920283.3345118 -0.32221722965112715 4882261484.576858 -471529557.0310081 0.0
0.7742382378555157 -1539940386.7244716 -0.32767739321417527 5114402527.948683 -420118904.15729946 0.0
0.7742155213646876 -1620620535.3440478 -0.32999889770751933 5365144654.948652 -449261098.700294 0.0
0.7741198576970052 -1693128970.4633548 -0.32545113189104297 5588962602.008404 -551578077.9864396 0.0
0.774096763280946 -1769276017.889463 -0.3203117993555978 5827951184.003295 -653285082.4013281 0.0
0.7742208930006507 -1847435278.9629505 -0.31532953361411725 6076293745.44551 -546658326.9558811 0.0
0.7740663312457446 -1924610683.384938 -0.3232167056855471 6326054718.9079075 -425452361.8115246 0.0
0.773976415915056 -2005690167.4859555 -0.330132585113393 6581000573.719682 -555324025.3273718 0.0
0.7738562377705299 -2101086192.201922 -0.3242237450391239 6877692267.63726 -653564694.8815958 0.0
0.7735910787350785 -2203811840.3382874 -0.3303656554727754 7202297666.906436 -574881873.9570569 0.0
0.7735498867256901 -2296727678.187575 -0.33737547723395045 7492467098.189638 -428232906.9867132 0.0
0.773649401357507 -2396702352.852277 -0.34360257656087023 7790770880.446444 -272283255.8433327 0.0
0.7736683730587222 -2503141296.7113004 -0.3393499911533939 8110856564.06605 -120018111.21595943 0.0
0.7734395420979142 -2628558007.1986103 -0.33270303078302915 8485291235.00668 -231172121.03952605 0.0
0.7735448244220977 -2767529541.214872 -0.33356759970447214 8905564492.611095 -204066397.10709244 0.0
0.7732687229981291 -2907604431.441161 -0.3391868213483718 9329385938.67724 -102189589.69931804 0.0
0.7730624485205223 -3054916171.112353 -0.3454679813821231 9763850514.55137 -224897826.15874785 0.0
0.7731745484767579 -3221343139.947384 -0.34178095436365413 10249187206.41516 -266998825.86301634 0.0
0.7732628241802799 -3362277705.215854 -0.3485882014821815 10663096634.568655 -50876538.51285288 0.0
0.773273807445034 -3517016425.566228 -0.34374584790498475 11106246557.682753 -261511845.68364093 0.0
0.7732180473750049 -3673427544.8089046 -0.35126416667956084 11561649476.479395 -37159475.557667404 0.0
0.7729796725320974 -3869234124.251613 -0.34719022365294083 12129027607.152294 27817546.916763946 0.0
0.7730646845756076 -4044074601.02074 -0.3550369223248336 12636470374.457832 266472257.99412155 0.0
0.7731465183365618 -4218007416.62271 -0.36066946264700683 13140319673.047674 531280572.892689 0.0
0.7732220824853423 -4429599665.3121195 -0.354123678390989 13740075468.907358 336984148.285344 0.0
0.7735016238460356 -4624272728.511443 -0.3517574480388572 14291049962.208225 624654779.6067939 0.0
0.7738117486893916 -4838019052.198816 -0.3472152563592733 14895871727.05542 900260814.5495452 0.0
0.7739237788733118 -5087222648.444287 -0.35056391489548805 15628438711.994944 790513978.38676 0.0
0.774070151313224 -5356027481.319834 -0.3504144221424297 16411396054.26838 810894771.7911534 0.0
0.7742304998779587 -5645839800.762987 -0.34883610929151415 17234485285.864418 784744852.8840394 0.0
0.7742936300337516 -5897471126.7848015 -0.34394784727297045 17957002037.472256 449249227.87538624 0.0
0.7743566223168766 -6195819105.138638 -0.33949455104481824 18842011861.271793 316970481.8637341 0.0
0.774670184626343 -6448802241.163476 -0.3426584460157185 19582759517.042667 732794140.3112408 0.0
0.7748157849364853 -6769906798.901434 -0.3471078403562599 20538698992.128956 556544537.999396 0.0
0.7750141592278738 -7118467267.629384 -0.3440377316291413 21563639123.4941 466983633.45279336 0.0
0.7750731279716462 -7436561269.687454 -0.35284523565000026 22483180370.723667 53152863.86227822 0.0
0.7751072533380404 -7748208398.182373 -0.3569051656156064 23368278492.3688 540108843.1074032 0.0
0.7752667578880273 -8142016031.127799 -0.36223849058218505 24495796329.478863 775664240.3365512 0.0
0.7756204300860216 -8486529329.202329 -0.36677440105375203 25449900211.473183 1312122241.2383192 0.0
0.7757490685131115 -8886889420.48084 -0.3734744722521462 26581973918.12584 909676098.9623826 0.0
0.7766995187699077 -9359419422.36797 -0.3726437478011672 27893787648.990177 967327191.4236896 0.0
0.7774489579850815 -9772739549.491238 -0.38030972078725583 29059565878.715996 1478916747.4218755 0.0
0.7770618387370525 -10317913804.86058 -0.3770474757084597 30509419469.206997 1624102771.4894128 0.0
0.7766228701325316 -10854403960.73476 -0.38375233376378143 31948018130.464462 2027990184.3848097 0.0
0.7762054327504112 -11363108728.049747 -0.37771258970397376 33308797459.971626 1430952860.461203 0.0
0.7757194776943649 -11878759777.801485 -0.3849223964059226 34689170955.43393 2118107716.8209534 0.0
0.7752098806723737 -12458326082.3279 -0.39146568815531935 36235019896.21642 2684741023.8321934 0.0
0.7747288292641313 -13076434496.997728 -0.38471584907745493 37857554058.82022 3261945129.964875 0.0
0.7753432496228787 -13668671192.269531 -0.38918068743723894 39375847714.983765 2397933670.486992 0.0
0.7753649900161359 -14343640106.599976 -0.3835961875288602 41131535320.431366 3075188472.525015 0.0
0.7765844329581482 -15033581888.597338 -0.3785418684433662 43024761161.37757 2563725776.6683025 0.0
0.7778660255074246 -15660558656.052814 -0.38667834311630095 44766992786.57455 3416299133.812412 0.0
0.7774881757357996 -16498834891.174055 -0.3870711454347942 46993306994.203384 3557131684.2813287 0.0
0.7771070459951266 -17372550153.49175 -0.3826132414288613 49311505484.20179 3828003574.8355365 0.0
0.7766652467543105 -18237311573.755764 -0.3907829407174861 51403776159.443756 4789875631.3234825 0.0
0.7762140941123723 -19002969187.759724 -0.3948071330797503 53416976995.363304 3661072070.9276295 0.0
0.7757301247941514 -19945645029.900085 -0.4012700645408196 55748603544.50696 4746706841.809976 0.0
0.7752736459338412 -21115072338.505928 -0.3947099888281632 58597278235.526245 4416877083.781878 0.0
0.7747742433752594 -21987083837.382633 -0.393058719876307 60982383655.908646 5502587195.41812 0.0
0.774258256551469 -22977349283.54505 -0.38959793366410245 63441919637.48733 6922790848.908498 0.0
0.7749745367819619 -24155668987.490837 -0.39815825487480877 66098001485.31523 5494919635.799982 0.0
0.7767744040420671 -25167960954.248325 -0.3971584253191234 68714265026.73771 6931586163.794859 0.0
0.7774321596214561 -26080567025.20839 -0.39713609585647547 71478519703.32205 5652697534.55562 0.0
0.7770448340070342 -27215283799.120068 -0.3938503982174772 74343653773.73372 4346430985.862548 0.0
0.7760942729542734 -28348534416.706787 -0.3998898284803766 77803033744.17021 4997868927.760342 0.0
0.7756336099874154 -29576356701.780663 -0.3987253854851968 81498423329.16273 5371712100.372475 0.0
0.7751050847042328 -30721019622.967144 -0.4084786165785257 84952984963.65388 4056658983.36222 0.0
0.7753947948675782 -32056787390.757256 -0.4150019453171449 88591329581.04147 2852275208.975348 0.0
0.7748678630189555 -33361736461.875572 -0.4210614951476936 92093689868.5384 1241121819.5964208 0.0
0.7765631399984979 -34723819758.27899 -0.4269051926532992 95597952354.22821 -295142596.9102645 0.0
0.7790364241743452 -36878515916.44698 -0.4243814763520501 100283255235.57286 149760570.20661116 0.0
0.7786982798424769 -38546563784.19337 -0.4313423830122138 104116476836.26756 2252851175.868293 0.0
0.7809131085881763 -40335629193.00144 -0.4366459439960442 108615253236.82413 1448760512.302424 0.0
0.7739502644770223 -42118114042.17024 -0.43250167020719454 112850262941.35576 3368570898.9060645 0.0
0.7795594860849758 -44488247259.94878 -0.437931561763527 118201196259.35274 2822483635.403649 0.0
0.7792699065555172 -45942048169.469826 -0.43706146278371777 122829751554.18338 1363712242.9852834 0.0
0.7833291659241782 -47833670942.9508 -0.43435369828277476 127324340151.19069 -1083164035.8927631 0.0
0.7875021811045856 -49479462800.94167 -0.4433529620042104 131911492973.90466 -3866404435.3952007 0.0
0.7894372402189139 -51658301212.88825 -0.4574300918685293 137169344345.13205 -1861002469.2994099 0.0
0.7896395413571723 -53816193952.63525 -0.45765387977621025 142522897929.4973 -50442813.119454145 0.0
0.7898537767539544 -56330528190.51063 -0.4587139431995287 148174550917.0756 3613495093.2605953 0.0
0.781910735201088 -59960694380.34549 -0.4480419873401182 154413472504.88397 7400506001.015562 0.0
0.7794415869613384 -62371580444.04666 -0.4401734396982573 160750405518.16144 4423466853.188664 0.0
0.7728275129278404 -66174800166.49777 -0.42830039555228183 169308599581.2807 2521856992.009526 0.0
0.7750376451352868 -69439840562.655 -0.4326175357095121 176021292633.8921 6609721184.965279 0.0
0.7661762867397908 -72753574662.59102 -0.43488251438460085 183037347046.09497 11934290817.083445 0.0
0.7630310435252575 -76486735233.7197 -0.43065244787413826 191857922085.27502 15351929610.869251 0.0
0.7617641006329459 -79719089062.02094 -0.4450879304746628 199568073852.09863 10377404242.796097 0.0
0.7665594770334448 -83842001311.463 -0.4411325450677987 209469933781.55646 7677863835.662403 0.0
0.7656524152808655 -87870377056.65842 -0.43714443190507024 218856751519.73062 12374610791.011982 0.0
0.7657365627208084 -92793935047.11382 -0.4453637821016375 230430982928.33905 14482774831.410282 0.0
0.7647568312248183 -96623116163.83026 -0.4449955789196126 240546268375.36035 18264023849.38351 0.0
0.7584177192237171 -101296150272.17023 -0.4410977961578636 251341590888.84222 12886817231.486256 0.0
0.7569464390757136 -106372150149.70758 -0.45066168047449223 263167792619.78937 17953918117.389473 0.0
0.7548847274774176 -111307568516.49583 -0.44287656913331847 276071935078.4603 17135386029.454174 0.0
0.76173008908246 -115364916546.14441 -0.4405337209396826 285705719727.3473 13097422029.644789 0.0
0.7702395842904782 -119221281873.71715 -0.44452372907404125 297961066695.56464 12500636479.402287 0.0
0.7694519433067145 -122752750395.77693 -0.4486498437551823 307590743492.9706 8996455170.104397 0.0
0.7685546844306055 -125906064751.02098 -0.461660284350155 318956664954.2408 6959655991.41842 0.0
0.7672791045696599 -129355450814.35626 -0.47213874925079763 331061105471.92413 7416556768.528281 0.0
0.7655003914243654 -131141121327.5011 -0.4704156241724705 342049970081.51544 6202643214.307522 0.0
0.7632972341889598 -143421531743.15222 -0.46460091545349647 359126764276.1454 7989211691.438402 0.0
0.758621256447808 -148025759842.81433 -0.4794268789959628 376721201445.72144 13056017240.117897 0.0
0.7455046406296566 -154115059009.5199 -0.4717256313406636 390062193778.6726 18115902752.318405 0.0
0.7433848619442148 -159514019615.03342 -0.4778215832874986 403979455726.597 17076122506.61686 0.0
0.7407835406986228 -167656603391.78308 -0.5007628496249616 420644608095.66925 15592363605.241467 0.0
0.7385148452609563 -173607143371.83432 -0.5022588328847909 435142002879.6586 12617093615.262012 0.0
0.7364411304749023 -188804930063.57544 -0.49167716496738134 454688948954.0405 5018200269.431438 0.0
0.7230955189433891 -193478986130.75113 -0.4974157076088525 474624029036.6259 344144202.35178375 0.0
0.7135578067581275 -201506242163.58783 -0.5102796985623885 489951595729.59735 9900600528.602135 0.0
0.7097982260673908 -208874981827.32144 -0.5142782170885131 515892545400.65247 9900600528.602135 0.0
0.7066289342075932 -213731346584.05133 -0.49983774208548704 537727891847.6624 9900600528.602135 0.0
0.7236041426644682 -224699537577.36176 -0.5242009925856359 559526162736.1844 7746285264.707006 0.0
0.7289254100702101 -232271748182.50336 -0.5339231374256267 585587494686.1097 -2069798214.9393997 0.0
0.713946370330882 -238934024967.4282 -0.5339635488756819 608163128026.3181 12099742142.611237 0.0
0.7211542192222021 -259674846237.63358 -0.5379822012338472 632907627187.7056 25356896851.5028 0.0
0.7187901392719032 -259673783966.23935 -0.5157711028318047 656094273759.2476 14734182299.276293 0.0
0.716491257025589 -278025256981.00635 -0.4883690242186807 678934025002.442 -3617290715.430475 0.0
0.7193994232290047 -278025256981.0943 -0.4815732094783571 706707555293.5515 4850469870.955847 0.0
0.7173016149161866 -287846319674.29047 -0.44663165698775864 729789482077.1833 -4970592822.180042 0.0
0.7310898631576804 -304501335425.32294 -0.4306688816601049 748610572509.6174 1581814802.5751743 0.0
0.7403576526467888 -316710661585.4814 -0.45411210919828615 777269343039.771 10455259985.713463 0.0
0.7370684916942426 -316710661585.6302 -0.501188774132569 806826737646.6003 40012654592.54277 0.0
0.7541837853571202 -316710661585.73004 -0.5057408798846215 833038785837.1593 34038391453.621315 0.0
0.7530993559734276 -339693933670.3035 -0.47816385301690745 862374705383.5807 57021663538.13234 0.0
0.7854258410990713 -352189814897.99365 -0.5063369971588161 888212282413.0348 39430100070.83368 0.0
0.77009432843555 -369041016479.2094 -0.4868860932794153 909701419477.6094 67026704797.671616 0.0
0.7777179875034421 -374848264617.7332 -0.49511755136195507 931022088688.1643 59151665501.53932 0.0
0.7751797702880663 -381587542213.3088 -0.5016176572306179 955413215313.285 57132363245.60513 0.0
0.7663566653302172 -387872214940.2622 -0.5098791593814334 977905740654.804 65153882804.32051 0.0
0.76528757383257 -387872214940.36237 -0.5208576314951685 1005666313499.7137 65153882804.32051 0.0
0.7639173817696056 -401815732094.56665 -0.5522618512398594 1040041999884.9451 65153882804.32051 0.0
0.7626759517616207 -401815732094.6601 -0.564894310539839 1069685840673.3383 65153882804.32051 0.0
0.7671870741031309 -401815732094.73566 -0.5602894460949035 1091346716628.1257 70994303685.8936 0.0
0.7469297724403744 -440320759264.5058 -0.511707598336711 1112653602671.628 70994303685.8936 0.0
0.7450778063156521 -461827062720.99677 -0.5083596646311906 1112653602671.628 98055801887.33891 0.0
0.7450778063157356 -518104849461.87897 -0.4186183722467477 1112653602671.628 98055801887.33891 0.0
0.7450778063157055 -571444234828.6274 -0.30622507961124457 1112653602671.628 71386109203.96469 0.0
0.7024296025819915 -587473951553.5669 -0.27249947480634634 1112653602671.628 121809579010.67114 0.0
0.736355690096268 -621223552397.3751 -0.2369904070634108 1112653602671.628 75711866010.32254 0.0
0.7363504762288816 -731035463467.5259 -0.029909428964219914 1112653602671.628 75711866010.32254 0.0
0.736350476226633 -2287500315151.829 1.6441033169183066 1112653602671.628 75711866010.32254 0.0
1.2166019898079745 -2287500315152.1045 2.3662785084336093 1112653602671.628 -1157348530422.73 0.0
1.2166030871904736 -2287500315152.1045 2.439695781217012 1112653602671.628 -1157348530422.73 0.0
1.2166039055913895 -2287500315152.1045 2.5181926506093704 1112653602671.628 -1157348530422.73 0.0
1.216604405976009 -2287500315152.1045 2.601652075983958 1112653602671.628 -1157348530422.73 0.0
1.2166045480234267 -2287500315152.1045 2.6898233595194823 1112653602671.628 -1157348530422.73 0.0
1.2166042915807995 -2287500315152.1045 2.782305138228638 1112653602671.628 -1157348530422.73 0.0
1.2166035984975911 -2287500315152.1045 2.8785355575868787 1112653602671.628 -1157348530422.73 0.0
1.2166024347394948 -2287500315152.1045 2.9777930156781363 1112653602671.628 -1157348530422.73 0.0
1.216600772600246 -2287500315152.1045 3.0792102353953883 1112653602671.628 -1157348530422.73 0.0
1.2165985927584717 -2287500315152.1045 3.181802914249723 1112653602671.628 -1157348530422.73 0.0
1.2165958858925627 -2287500315152.1045 3.2845119261497997 1112653602671.628 -1157348530422.73 0.0
1.2165926535915816 -2287500315152.1045 3.386255450657805 1112653602671.628 -1157348530422.73 0.0
1.2165889083937074 -2287500315152.1045 3.4859851896727783 1112653602671.628 -1157348530422.73 0.0
1.216584672923223 -2287500315152.1045 3.5827397273145403 1112653602671.628 -1157348530422.73 0.0
1.216579978250682 -2287500315152.1045 3.6756885230836116 1112653602671.628 -1157348530422.73 0.0
1.21657486172893 -2287500315152.1045 3.7641619054595052 1112653602671.628 -1157348530422.73 0.0
1.216569364609872 -2287500315152.1045 3.8476651590898756 1112653602671.628 -1157348530422.73 0.0
1.2165635297409727 -2287500315152.1045 3.9258775496079172 1112653602671.628 -1157348530422.73 0.0
1.2165573995678174 -2287500315152.1045 3.9986392015755348 1112653602671.628 -1157348530422.73 0.0
1.2165510145750922 -2287500315152.1045 4.065929789913297 1112653602671.628 -1157348530422.73 0.0
1.2165444122054792 -2287500315152.1045 4.127843063565902 1112653602671.628 -1157348530422.73 0.0
1.216537626224509 -2287500315152.1045 4.18456058659066 1112653602671.628 -1157348530422.73 0.0
1.2165306864538876 -2287500315152.1045 4.236327123581708 1112653602671.628 -1157348530422.73 0.0
1.2165236187863038 -2287500315152.1045 4.283429117039724 1112653602671.628 -1157348530422.73 0.0
1.2165164453895956 -2287500315152.1045 4.326176887652608 1112653602671.628 -1157348530422.73 0.0
1.2165091850253336 -2287500315152.1045 4.3648906044892435 1112653602671.628 -1157348530422.73 0.0
1.2165018534238348 -2287500315152.1045 4.399889713573538 1112653602671.628 -1157348530422.73 0.0
1.216494463675037 -2287500315152.1045 4.431485334837653 1112653602671.628 -1157348530422.73 0.0
1.2164870266025452 -2287500315152.1045 4.459975083926228 1112653602671.628 -1157348530422.73 0.0
1.2164795511133146 -2287500315152.1045 4.485639797874041 1112653602671.628 -1157348530422.73 0.0
1.2164720445072443 -2287500315152.1045 4.5087417053982675 1112653602671.628 -1157348530422.73 0.0
1.21646451274902 -2287500315152.1045 4.529523658884186 1112653602671.628 -1157348530422.73 0.0
1.2164569607006763 -2287500315152.1045 4.548209121444452 1112653602671.628 -1157348530422.73 0.0
1.2164493923185498 -2287500315152.1045 4.5650026711382985 1112653602671.628 -1157348530422.73 0.0
1.2164418108179036 -2287500315152.1045 4.580090842514528 1112653602671.628 -1157348530422.73 0.0
1.2164342188112012 -2287500315152.1045 4.593643172656155 1112653602671.628 -1157348530422.73 0.0
1.2164266184205954 -2287500315152.1045 4.605813355796338 1112653602671.628 -1157348530422.73 0.0
1.216419011371481 -2287500315152.1045 4.61674043883521 1112653602671.628 -1157348530422.73 0.0
1.2164113990684875 -2287500315152.1045 4.626550011291822 1112653602671.628 -1157348530422.73 0.0
1.2164037826575473 -2287500315152.1045 4.635355358906867 1112653602671.628 -1157348530422.73 0.0
1.216396163078321 -2287500315152.1045 4.643258561456474 1112653602671.628 -1157348530422.73 0.0
1.2163885411040982 -2287500315152.1045 4.650351523504681 1112653602671.628 -1157348530422.73 0.0
1.2163809173761662 -2287500315152.1045 4.656716932501954 1112653602671.628 -1157348530422.73 0.0
1.2163732924307773 -2287500315152.1045 4.6624291426025515 1112653602671.628 -1157348530422.73 0.0
1.2163656667228957 -2287500315152.1045 4.6675549851901525 1112653602671.628 -1157348530422.73 0.0
1.2163580406434937 -2287500315152.1045 4.672154508821336 1112653602671.628 -1157348530422.73 0.0
1.2163504145350537 -2287500315152.1045 4.676281652331698 1112653602671.628 -1157348530422.73 0.0
1.2163427887041804 -2287500315152.1045 4.679984855431445 1112653602671.628 -1157348530422.73 0.0
1.2163351634326218 -2287500315152.1045 4.683307611363176 1112653602671.628 -1157348530422.73 0.0
1.2163275389846524 -2287500315152.1045 4.686288966256942 1112653602671.628 -1157348530422.73 0.0
1.21631991561534 -2287500315152.1045 4.68896396967084 1112653602671.628 -1157348530422.73 0.0
1.2163122935785522 -2287500315152.1045 4.691364080659583 1112653602671.628 -1157348530422.73 0.0
1.2163046731299982 -2287500315152.1045 4.693517533409963 1112653602671.628 -1157348530422.73 0.0
1.216297054534649 -2287500315152.1045 4.695449666257714 1112653602671.628 -1157348530422.73 0.0
1.2162894380708913 -2287500315152.1045 4.697183217565595 1112653602671.628 -1157348530422.73 0.0
1.2162818240360298 -2287500315152.1045 4.698738591691186 1112653602671.628 -1157348530422.73 0.0
1.216274212748637 -2287500315152.1045 4.700134097969972 1112653602671.628 -1157348530422.73 0.0
1.2162666045553034 -2287500315152.1045 4.701386165397406 1112653602671.628 -1157348530422.73 0.0
1.216258999834783 -2287500315152.1045 4.7025095354274855 1112653602671.628 -1157348530422.73 0.0
1.2162513990019008 -2287500315152.1045 4.703517435089882 1112653602671.628 -1157348530422.73 0.0
1.2162438025125424 -2287500315152.1045 4.704421732406241 1112653602671.628 -1157348530422.73 0.0
1.216236210871948 -2287500315152.1045 4.705233075909271 1112653602671.628 -1157348530422.73 0.0
1.216228624635806 -2287500315152.1045 4.705961019866426 1112653602671.628 -1157348530422.73 0.0
1.21622104441952 -2287500315152.1045 4.706614136664151 1112653602671.628 -1157348530422.73 0.0
1.216213470903026 -2287500315152.1045 4.707200117674978 1112653602671.628 -1157348530422.73 0.0
1.2162059048394174 -2287500315152.1045 4.707725863768572 1112653602671.628 -1157348530422.73 0.0
1.2161983470625506 -2287500315152.1045 4.7081975665353175 1112653602671.628 -1157348530422.73 0.0
1.216190798493107 -2287500315152.1045 4.708620781170074 1112653602671.628 -1157348530422.73 0.0
1.2161832601500144 -2287500315152.1045 4.709000491872481 1112653602671.628 -1157348530422.73 0.0
1.2161757331590388 -2287500315152.1045 4.709341170529171 1112653602671.628 -1157348530422.73 0.0
1.2161682187624634 -2287500315152.1045 4.709646829363924 1112653602671.628 -1157348530422.73 0.0
1.2161607183307002 -2287500315152.1045 4.709921068183358 1112653602671.628 -1157348530422.73 0.0
1.2161532333734373 -2287500315152.1045 4.710167116767677 1112653602671.628 -1157348530422.73 0.0
1.2161457655521055 -2287500315152.1045 4.71038787290093 1112653602671.628 -1157348530422.73 0.0
1.2161383166932576 -2287500315152.1045 4.710585936498166 1112653602671.628 -1157348530422.73 0.0
1.2161308887997104 -2287500315152.1045 4.710763640221179 1112653602671.628 -1157348530422.73 0.0
1.2161234840658144 -2287500315152.1045 4.710923076947157 1112653602671.628 -1157348530422.73 0.0
1.2161161048899136 -2287500315152.1045 4.71106612442378 1112653602671.628 -1157348530422.73 0.0
1.2161087538887942 -2287500315152.1045 4.711194467376485 1112653602671.628 -1157348530422.73 0.0
1.21610143391008 -2287500315152.1045 4.7113096173482205 1112653602671.628 -1157348530422.73 0.0
1.2160941480433662 -2287500315152.1045 4.711412930507702 1112653602671.628 -1157348530422.73 0.0
1.2160868996330596 -2287500315152.1045 4.711505623615609 1112653602671.628 -1157348530422.73 0.0
1.2160796922853716 -2287500315152.1045 4.71158878835771 1112653602671.628 -1157348530422.73 0.0
1.216072529876386 -2287500315152.1045 4.711663404197965 1112653602671.628 -1157348530422.73 0.0
1.2160654165543023 -2287500315152.1045 4.711730349918987 1112653602671.628 -1157348530422.73 0.0
1.216058356738682 -2287500315152.1045 4.711790413969322 1112653602671.628 -1157348530422.73 0.0
1.2160513551163894 -2287500315152.1045 4.711844303746956 1112653602671.628 -1157348530422.73 0.0
1.2160444166285747 -2287500315152.1045 4.711892653936209 1112653602671.628 -1157348530422.73 0.0
1.216037546454201 -2287500315152.1045 4.711936033977395 1112653602671.628 -1157348530422.73 0.0
1.2160307499831708 -2287500315152.1045 4.711974954775421 1112653602671.628 -1157348530422.73 0.0
1.2160240327847653 -2287500315152.1045 4.712009874717905 1112653602671.628 -1157348530422.73 0.0
1.2160174005623758 -2287500315152.1045 4.712041205072218 1112653602671.628 -1157348530422.73 0.0
1.216010859105284 -2287500315152.1045 4.712069314828289 1112653602671.628 -1157348530422.73 0.0
1.216004414225605 -2287500315152.1045 4.712094535047989 1112653602671.628 -1157348530422.73 0.0
1.2159980716897065 -2287500315152.1045 4.712117162759423 1112653602671.628 -1157348530422.73 0.0
1.2159918371406064 -2287500315152.1045 4.712137464460584 1112653602671.628 -1157348530422.73 0.0
1.2159857160154046 -2287500315152.1045 4.712155679251017 1112653602671.628 -1157348530422.73 0.0
1.21597971345423 -2287500315152.1045 4.712172021656742 1112653602671.628 -1157348530422.73 0.0
1.2159738342133788 -2287500315152.1045 4.712186684147831 1112653602671.628 -1157348530422.73 0.0
1.2159680825744958 -2287500315152.1045 4.712199839410394 1112653602671.628 -1157348530422.73 0.0
1.2159624622572427 -2287500315152.1045 4.712211642380802 1112653602671.628 -1157348530422.73 0.0
1.2159569763458775 -2287500315152.1045 4.712222232067147 1112653602671.628 -1157348530422.73 0.0
1.2159516272176722 -2287500315152.1045 4.712231733188865 1112653602671.628 -1157348530422.73 0.0
1.2159464164922575 -2287500315152.1045 4.712240257643538 1112653602671.628 -1157348530422.73 0.0
1.215941344992305 -2287500315152.1045 4.712247905829118 1112653602671.628 -1157348530422.73 0.0
1.2159364127264825 -2287500315152.1045 4.712254767821041 1112653602671.628 -1157348530422.73 0.0
1.2159316188879192 -2287500315152.1045 4.712260924435202 1112653602671.628 -1157348530422.73 0.0
1.2159269618731916 -2287500315152.1045 4.712266448181807 1112653602671.628 -1157348530422.73 0.0
1.2159224393192465 -2287500315152.1045 4.712271404116724 1112653602671.628 -1157348530422.73 0.0
1.2159180481575718 -2287500315152.1045 4.712275850607328 1112653602671.628 -1157348530422.73 0.0
1.2159137846796562 -2287500315152.1045 4.712279840020629 1112653602671.628 -1157348530422.73 0.0
1.2159096446141193 -2287500315152.1045 4.712283419342559 1112653602671.628 -1157348530422.73 0.0
1.2159056232141925 -2287500315152.1045 4.712286630728975 1112653602671.628 -1157348530422.73 0.0
1.2159017153454743 -2287500315152.1045 4.712289512001735 1112653602671.628 -1157348530422.73 0.0
1.215897915576644 -2287500315152.1045 4.712292097095162 1112653602671.628 -1157348530422.73 0.0
1.2158942182678485 -2287500315152.1045 4.712294416454403 1112653602671.628 -1157348530422.73 0.0
1.2158906176550637 -2287500315152.1045 4.7122964973947274 1112653602671.628 -1157348530422.73 0.0
1.2158871079256386 -2287500315152.1045 4.712298364425792 1112653602671.628 -1157348530422.73 0.0
1.215883683290381 -2287500315152.1045 4.712300039535813 1112653602671.628 -1157348530422.73 0.0
1.2158803380423029 -2287500315152.1045 4.712301542453057 1112653602671.628 -1157348530422.73 0.0
1.2158770666093899 -2287500315152.1045 4.71230289087817 1112653602671.628 -1157348530422.73 0.0
1.2158738635978863 -2287500315152.1045 4.712304100691908 1112653602671.628 -1157348530422.73 0.0
1.2158707238240296 -2287500315152.1045 4.712305186143756 1112653602671.628 -1157348530422.73 0.0
1.2158676423417927 -2287500315152.1045 4.712306160016449 1112653602671.628 -1157348530422.73 0.0
1.2158646144590783 -2287500315152.1045 4.712307033780612 1112653602671.628 -1157348530422.73 0.0
1.2158616357514829 -2287500315152.1045 4.712307817725625 1112653602671.628 -1157348530422.73 0.0
1.2158587020644014 -2287500315152.1045 4.712308521085624 1112653602671.628 -1157348530422.73 0.0
1.2158558095166938 -2287500315152.1045 4.712309152142971 1112653602671.628 -1157348530422.73 0.0
1.2158529544963264 -2287500315152.1045 4.712309718331541 1112653602671.628 -1157348530422.73 0.0
1.2158501336547611 -2287500315152.1045 4.712310226318338 1112653602671.628 -1157348530422.73 0.0
1.2158473438957704 -2287500315152.1045 4.712310682087862 1112653602671.628 -1157348530422.73 0.0
1.2158445823681192 -2287500315152.1045 4.712311091006555 1112653602671.628 -1157348530422.73 0.0
1.2158418464516045 -2287500315152.1045 4.712311457889789 1112653602671.628 -1157348530422.73 0.0
1.2158391337436276 -2287500315152.1045 4.712311787058806 1112653602671.628 -1157348530422.73 0.0
1.2158364420447656 -2287500315152.1045 4.712312082391778 1112653602671.628 -1157348530422.73 0.0
1.2158337693488455 -2287500315152.1045 4.712312347366692 1112653602671.628 -1157348530422.73 0.0
1.2158311138283746 -2287500315152.1045 4.712312585102366 1112653602671.628 -1157348530422.73 0.0
1.2158284738176037 -2287500315152.1045 4.712312798400835 1112653602671.628 -1157348530422.73 0.0
1.215825847805878 -2287500315152.1045 4.712312989772411 1112653602671.628 -1157348530422.73 0.0
1.2158232344205855 -2287500315152.1045 4.712313161472063 1112653602671.628 -1157348530422.73 0.0
1.2158206324179872 -2287500315152.1045 4.7123133155221835 1112653602671.628 -1157348530422.73 0.0
1.2158180406718235 -2287500315152.1045 4.7123134537371705 1112653602671.628 -1157348530422.73 0.0
1.2158154581632625 -2287500315152.1045 4.712313577744542 1112653602671.628 -1157348530422.73 0.0
1.215812883972155 -2287500315152.1045 4.7123136890037545 1112653602671.628 -1157348530422.73 0.0
1.2158103172664623 -2287500315152.1045 4.712313788826633 1112653602671.628 -1157348530422.73 0.0
1.2158077572956587 -2287500315152.1045 4.712313878388094 1112653602671.628 -1157348530422.73 0.0
1.2158052033823743 -2287500315152.1045 4.712313958743437 1112653602671.628 -1157348530422.73 0.0
1.2158026549164302 -2287500315152.1045 4.712314030838459 1112653602671.628 -1157348530422.73 0.0
1.2158001113479047 -2287500315152.1045 4.712314095522754 1112653602671.628 -1157348530422.73 0.0
1.215797572181278 -2287500315152.1045 4.712314153557641 1112653602671.628 -1157348530422.73 0.0
1.2157950369703048 -2287500315152.1045 4.712314205627175 1112653602671.628 -1157348530422.73 0.0
1.2157925053144947 -2287500315152.1045 4.712314252343668 1112653602671.628 -1157348530422.73 0.0
1.215789976851776 -2287500315152.1045 4.712314294258186 1112653602671.628 -1157348530422.73 0.0
1.215787451257597 -2287500315152.1045 4.7123143318641905 1112653602671.628 -1157348530422.73 0.0
1.215784928239338 -2287500315152.1045 4.712314365604718 1112653602671.628 -1157348530422.73 0.0
1.2157824075350956 -2287500315152.1045 4.712314395876561 1112653602671.628 -1157348530422.73 0.0
1.215779888908823 -2287500315152.1045 4.712314423036005 1112653602671.628 -1157348530422.73 0.0
1.2157773721476717 -2287500315152.1045 4.712314447404177 1112653602671.628 -1157348530422.73 0.0
1.2157748570616795 -2287500315152.1045 4.712314469267301 1112653602671.628 -1157348530422.73 0.0
1.2157723434791512 -2287500315152.1045 4.712314488882996 1112653602671.628 -1157348530422.73 0.0
1.2157698312466443 -2287500315152.1045 4.712314506482205 1112653602671.628 -1157348530422.73 0.0
1.2157673202257182 -2287500315152.1045 4.712314522272545 1112653602671.628 -1157348530422.73 0.0
1.2157648102930207 -2287500315152.1045 4.7123145364391625 1112653602671.628 -1157348530422.73 0.0
1.2157623013355858 -2287500315152.1045 4.7123145491503085 1112653602671.628 -1157348530422.73 0.0
1.2157597932544943 -2287500315152.1045 4.712314560555154 1112653602671.628 -1157348530422.73 0.0
1.2157572859599985 -2287500315152.1045 4.712314570786863 1112653602671.628 -1157348530422.73 0.0
1.2157547793715904 -2287500315152.1045 4.712314579966479 1112653602671.628 -1157348530422.73 0.0
1.2157522734166053 -2287500315152.1045 4.712314588202326 1112653602671.628 -1157348530422.73 0.0
1.2157497680298002 -2287500315152.1045 4.71231459559205 1112653602671.628 -1157348530422.73 0.0
1.2157472631523591 -2287500315152.1045 4.712314602222756 1112653602671.628 -1157348530422.73 0.0
1.215744758732854 -2287500315152.1045 4.712314608171827 1112653602671.628 -1157348530422.73 0.0
1.21574225472445 -2287500315152.1045 4.712314613509111 1112653602671.628 -1157348530422.73 0.0
1.2157397510852992 -2287500315152.1045 4.712314618296553 1112653602671.628 -1157348530422.73 0.0
1.2157372477760306 -2287500315152.1045 4.7123146225931585 1112653602671.628 -1157348530422.73 0.0
1.2157347447634512 -2287500315152.1045 4.712314626448145 1112653602671.628 -1157348530422.73 0.0
1.215732242017712 -2287500315152.1045 4.712314629906484 1112653602671.628 -1157348530422.73 0.0
1.2157297395111675 -2287500315152.1045 4.712314633008693 1112653602671.628 -1157348530422.73 0.0
1.2157272372183465 -2287500315152.1045 4.712314635792616 1112653602671.628 -1157348530422.73 0.0
1.2157247351184854 -2287500315152.1045 4.712314638289949 1112653602671.628 -1157348530422.73 0.0
1.215722233191245 -2287500315152.1045 4.712314640530616 1112653602671.628 -1157348530422.73 0.0
1.2157197314186508 -2287500315152.1045 4.7123146425413465 1112653602671.628 -1157348530422.73 0.0
1.2157172297847685 -2287500315152.1045 4.71231464434551 1112653602671.628 -1157348530422.73 0.0
1.215714728275762 -2287500315152.1045 4.712314645963623 1112653602671.628 -1157348530422.73 0.0
1.215712226878694 -2287500315152.1045 4.712314647415886 1112653602671.628 -1157348530422.73 0.0
1.2157097255816771 -2287500315152.1045 4.7123146487188174 1112653602671.628 -1157348530422.73 0.0
1.2157072243749099 -2287500315152.1045 4.712314649887747 1112653602671.628 -1157348530422.73 0.0
1.2157047232487708 -2287500315152.1045 4.712314650936762 1112653602671.628 -1157348530422.73 0.0
1.2157022221950986 -2287500315152.1045 4.712314651877971 1112653602671.628 -1157348530422.73 0.0
1.215699721206746 -2287500315152.1045 4.7123146527220765 1112653602671.628 -1157348530422.73 0.0
1.2156972202766712 -2287500315152.1045 4.712314653479646 1112653602671.628 -1157348530422.73 0.0
1.215694719399258 -2287500315152.1045 4.7123146541590915 1112653602671.628 -1157348530422.73 0.0
1.2156922185686987 -2287500315152.1045 4.712314654768577 1112653602671.628 -1157348530422.73 0.0
1.2156897177801298 -2287500315152.1045 4.712314655315334 1112653602671.628 -1157348530422.73 0.0
1.2156872170292026 -2287500315152.1045 4.712314655806281 1112653602671.628 -1157348530422.73 0.0
1.2156847163129014 -2287500315152.1045 4.712314656246678 1112653602671.628 -1157348530422.73 0.0
1.2156822156267975 -2287500315152.1045 4.71231465664137 1112653602671.628 -1157348530422.73 0.0
1.2156797149677236 -2287500315152.1045 4.712314656996119 1112653602671.628 -1157348530422.73 0.0
1.2156772143331296 -2287500315152.1045 4.712314657314293 1112653602671.628 -1157348530422.73 0.0
1.2156747137204824 -2287500315152.1045 4.712314657600097 1112653602671.628 -1157348530422.73 0.0
1.215672213127646 -2287500315152.1045 4.712314657855937 1112653602671.628 -1157348530422.73 0.0
1.2156697125525056 -2287500315152.1045 4.712314658085678 1112653602671.628 -1157348530422.73 0.0
1.2156672119936998 -2287500315152.1045 4.712314658291367 1112653602671.628 -1157348530422.73 0.0
1.2156647114485521 -2287500315152.1045 4.712314658476497 1112653602671.628 -1157348530422.73 0.0
1.2156622109165012 -2287500315152.1045 4.712314658642722 1112653602671.628 -1157348530422.73 0.0
1.2156597103962166 -2287500315152.1045 4.712314658791106 1112653602671.628 -1157348530422.73 0.0
1.2156572098852714 -2287500315152.1045 4.712314658925453 1112653602671.628 -1157348530422.73 0.0
1.2156547093838703 -2287500315152.1045 4.712314659045731 1112653602671.628 -1157348530422.73 0.0
1.2156522088918682 -2287500315152.1045 4.712314659152577 1112653602671.628 -1157348530422.73 0.0
1.2156497084068847 -2287500315152.1045 4.712314659248673 1112653602671.628 -1157348530422.73 0.0
1.2156472079287992 -2287500315152.1045 4.7123146593348215 1112653602671.628 -1157348530422.73 0.0
1.215644707455571 -2287500315152.1045 4.712314659413209 1112653602671.628 -1157348530422.73 0.0
1.2156422069882966 -2287500315152.1045 4.712314659482774 1112653602671.628 -1157348530422.73 0.0
1.2156397065261255 -2287500315152.1045 4.71231465954509 1112653602671.628 -1157348530422.73 0.0
1.2156372060674436 -2287500315152.1045 4.712314659601804 1112653602671.628 -1157348530422.73 0.0
1.2156347056134047 -2287500315152.1045 4.712314659651968 1112653602671.628 -1157348530422.73 0.0
1.215632205162444 -2287500315152.1045 4.712314659697263 1112653602671.628 -1157348530422.73 0.0
1.2156297047150635 -2287500315152.1045 4.712314659737447 1112653602671.628 -1157348530422.73 0.0
1.2156272042701166 -2287500315152.1045 4.712314659773606 1112653602671.628 -1157348530422.73 0.0
1.2156247038277663 -2287500315152.1045 4.712314659806208 1112653602671.628 -1157348530422.73 0.0
1.2156222033870154 -2287500315152.1045 4.712314659835747 1112653602671.628 -1157348530422.73 0.0
1.2156197029492266 -2287500315152.1045 4.7123146598613985 1112653602671.628 -1157348530422.73 0.0
1.215617202513049 -2287500315152.1045 4.712314659884309 1112653602671.628 -1157348530422.73 0.0
1.2156147020778718 -2287500315152.1045 4.712314659905683 1112653602671.628 -1157348530422.73 0.0
1.215612201644601 -2287500315152.1045 4.712314659924774 1112653602671.628 -1157348530422.73 0.0
1.215609701212325 -2287500315152.1045 4.712314659942137 1112653602671.628 -1157348530422.73 0.0
1.2156072007821073 -2287500315152.1045 4.7123146599570145 1112653602671.628 -1157348530422.73 0.0
1.2156047003521622 -2287500315152.1045 4.712314659970625 1112653602671.628 -1157348530422.73 0.0
1.2156021999236304 -2287500315152.1045 4.712314659982904 1112653602671.628 -1157348530422.73 0.0
1.2155996994953675 -2287500315152.1045 4.7123146599944565 1112653602671.628 -1157348530422.73 0.0
1.2155971990680212 -2287500315152.1045 4.712314660004575 1112653602671.628 -1157348530422.73 0.0
1.2155946986416204 -2287500315152.1045 4.712314660013187 1112653602671.628 -1157348530422.73 0.0
1.2155921982160767 -2287500315152.1045 4.71231466002089 1112653602671.628 -1157348530422.73 0.0
1.215589697789996 -2287500315152.1045 4.712314660028977 1112653602671.628 -1157348530422.73 0.0
1.2155871973651768 -2287500315152.1045 4.7123146600354575 1112653602671.628 -1157348530422.73 0.0
1.2155846969409776 -2287500315152.1045 4.712314660040921 1112653602671.628 -1157348530422.73 0.0
1.215582196516964 -2287500315152.1045 4.712314660045987 1112653602671.628 -1157348530422.73 0.0
1.2155796960931153 -2287500315152.1045 4.712314660050636 1112653602671.628 -1157348530422.73 0.0
1.2155771956699413 -2287500315152.1045 4.7123146600548464 1112653602671.628 -1157348530422.73 0.0
1.2155746952466615 -2287500315152.1045 4.712314660059268 1112653602671.628 -1157348530422.73 0.0
1.2155721948239813 -2287500315152.1045 4.712314660062569 1112653602671.628 -1157348530422.73 0.0
1.2155696944016456 -2287500315152.1045 4.712314660065365 1112653602671.628 -1157348530422.73 0.0
1.2155671939789425 -2287500315152.1045 4.712314660068301 1112653602671.628 -1157348530422.73 0.0
1.215564693556809 -2287500315152.1045 4.712314660070712 1112653602671.628 -1157348530422.73 0.0
1.2155621931353482 -2287500315152.1045 4.712314660071903 1112653602671.628 -1157348530422.73 0.0
1.21555969271371 -2287500315152.1045 4.712314660073154 1112653602671.628 -1157348530422.73 0.0
1.2155571922921364 -2287500315152.1045 4.712314660074467 1112653602671.628 -1157348530422.73 0.0
1.2155546918707774 -2287500315152.1045 4.712314660075846 1112653602671.628 -1157348530422.73 0.0
1.2155521914493774 -2287500315152.1045 4.712314660077293 1112653602671.628 -1157348530422.73 0.0
1.2155496910277794 -2287500315152.1045 4.712314660078814 1112653602671.628 -1157348530422.73 0.0
1.2155471906058988 -2287500315152.1045 4.71231466008041 1112653602671.628 -1157348530422.73 0.0
1.215544690184341 -2287500315152.1045 4.712314660081415 1112653602671.628 -1157348530422.73 0.0
1.2155421897631025 -2287500315152.1045 4.7123146600824715 1112653602671.628 -1157348530422.73 0.0
1.215539689341725 -2287500315152.1045 4.71231466008358 1112653602671.628 -1157348530422.73 0.0
1.215537188920532 -2287500315152.1045 4.712314660084074 1112653602671.628 -1157348530422.73 0.0
1.2155346884994584 -2287500315152.1045 4.7123146600845915 1112653602671.628 -1157348530422.73 0.0
1.2155321880782666 -2287500315152.1045 4.712314660085136 1112653602671.628 -1157348530422.73 0.0
1.215529687657073 -2287500315152.1045 4.712314660085707 1112653602671.628 -1157348530422.73 0.0
1.2155271872358253 -2287500315152.1045 4.712314660086307 1112653602671.628 -1157348530422.73 0.0
1.2155246868146428 -2287500315152.1045 4.712314660086936 1112653602671.628 -1157348530422.73 0.0
1.2155221863935157 -2287500315152.1045 4.712314660087598 1112653602671.628 -1157348530422.73 0.0
1.2155196859726083 -2287500315152.1045 4.712314660088293 1112653602671.628 -1157348530422.73 0.0
1.2155171855515132 -2287500315152.1045 4.712314660089022 1112653602671.628 -1157348530422.73 0.0
1.2155146851302807 -2287500315152.1045 4.712314660089787 1112653602671.628 -1157348530422.73 0.0
1.215512184708793 -2287500315152.1045 4.712314660090591 1112653602671.628 -1157348530422.73 0.0
1.2155096842874273 -2287500315152.1045 4.712314660091435 1112653602671.628 -1157348530422.73 0.0
1.215507183865946 -2287500315152.1045 4.712314660092321 1112653602671.628 -1157348530422.73 0.0
1.2155046834452548 -2287500315152.1045 4.712314660092582 1112653602671.628 -1157348530422.73 0.0
1.2155021830243964 -2287500315152.1045 4.712314660092854 1112653602671.628 -1157348530422.73 0.0
1.2154996826035136 -2287500315152.1045 4.712314660093141 1112653602671.628 -1157348530422.73 0.0
1.2154971821826237 -2287500315152.1045 4.712314660093442 1112653602671.628 -1157348530422.73 0.0
1.2154946817619048 -2287500315152.1045 4.712314660093758 1112653602671.628 -1157348530422.73 0.0
1.2154921813408845 -2287500315152.1045 4.712314660094091 1112653602671.628 -1157348530422.73 0.0
1.2154896809200701 -2287500315152.1045 4.712314660094439 1112653602671.628 -1157348530422.73 0.0
1.2154871804994292 -2287500315152.1045 4.712314660094134 1112653602671.628 -1157348530422.73 0.0
1.215484680078756 -2287500315152.1045 4.712314660094485 1112653602671.628 -1157348530422.73 0.0
1.2154821796580983 -2287500315152.1045 4.712314660094183 1112653602671.628 -1157348530422.73 0.0
1.2154796792372562 -2287500315152.1045 4.712314660094536 1112653602671.628 -1157348530422.73 0.0
1.215477178817063 -2287500315152.1045 4.712314660093565 1112653602671.628 -1157348530422.73 0.0
1.215474678396058 -2287500315152.1045 4.712314660093887 1112653602671.628 -1157348530422.73 0.0
1.2154721779749935 -2287500315152.1045 4.712314660094226 1112653602671.628 -1157348530422.73 0.0
1.215469677554137 -2287500315152.1045 4.712314660094581 1112653602671.628 -1157348530422.73 0.0
1.215467177134241 -2287500315152.1045 4.712314660093613 1112653602671.628 -1157348530422.73 0.0
1.2154646767131057 -2287500315152.1045 4.712314660093937 1112653602671.628 -1157348530422.73 0.0
1.2154621762920168 -2287500315152.1045 4.712314660094278 1112653602671.628 -1157348530422.73 0.0
1.2154596758708553 -2287500315152.1045 4.712314660094636 1112653602671.628 -1157348530422.73 0.0
1.2154571754507504 -2287500315152.1045 4.7123146600936705 1112653602671.628 -1157348530422.73 0.0
1.215454675029525 -2287500315152.1045 4.712314660093998 1112653602671.628 -1157348530422.73 0.0
1.2154521746085196 -2287500315152.1045 4.712314660094342 1112653602671.628 -1157348530422.73 0.0
1.2154496741871665 -2287500315152.1045 4.712314660094703 1112653602671.628 -1157348530422.73 0.0
1.2154471737671058 -2287500315152.1045 4.712314660093741 1112653602671.628 -1157348530422.73 0.0
1.215444673346076 -2287500315152.1045 4.712314660094072 1112653602671.628 -1157348530422.73 0.0
1.2154421729252818 -2287500315152.1045 4.712314660094419 1112653602671.628 -1157348530422.73 0.0
1.215439672504195 -2287500315152.1045 4.712314660094784 1112653602671.628 -1157348530422.73 0.0
1.2154371720843002 -2287500315152.1045 4.712314660093826 1112653602671.628 -1157348530422.73 0.0
1.2154346716634477 -2287500315152.1045 4.712314660094161 1112653602671.628 -1157348530422.73 0.0
1.215432171242606 -2287500315152.1045 4.7123146600945125 1112653602671.628 -1157348530422.73 0.0
1.215429670821881 -2287500315152.1045 4.712314660094211 1112653602671.628 -1157348530422.73 0.0
1.2154271704011934 -2287500315152.1045 4.712314660094566 1112653602671.628 -1157348530422.73 0.0
1.2154246699811289 -2287500315152.1045 4.712314660093597 1112653602671.628 -1157348530422.73 0.0
1.215422169560111 -2287500315152.1045 4.71231466009392 1112653602671.628 -1157348530422.73 0.0
1.215419669139251 -2287500315152.1045 4.71231466009426 1112653602671.628 -1157348530422.73 0.0
1.2154171687184356 -2287500315152.1045 4.712314660094617 1112653602671.628 -1157348530422.73 0.0
1.215414668298482 -2287500315152.1045 4.712314660093651 1112653602671.628 -1157348530422.73 0.0
1.2154121678772314 -2287500315152.1045 4.712314660093978 1112653602671.628 -1157348530422.73 0.0
1.2154096674562664 -2287500315152.1045 4.712314660094321 1112653602671.628 -1157348530422.73 0.0
1.2154071670354194 -2287500315152.1045 4.71231466009468 1112653602671.628 -1157348530422.73 0.0
1.2154046666151321 -2287500315152.1045 4.712314660093718 1112653602671.628 -1157348530422.73 0.0
1.2154021661940406 -2287500315152.1045 4.712314660094047 1112653602671.628 -1157348530422.73 0.0
1.2153996657730946 -2287500315152.1045 4.7123146600943935 1112653602671.628 -1157348530422.73 0.0
1.2153971653520466 -2287500315152.1045 4.712314660094757 1112653602671.628 -1157348530422.73 0.0
1.2153946649321457 -2287500315152.1045 4.7123146600937975 1112653602671.628 -1157348530422.73 0.0
1.215392164511038 -2287500315152.1045 4.7123146600941315 1112653602671.628 -1157348530422.73 0.0
1.2153896640900594 -2287500315152.1045 4.712314660094482 1112653602671.628 -1157348530422.73 0.0
1.2153871636695222 -2287500315152.1045 4.712314660094179 1112653602671.628 -1157348530422.73 0.0
1.2153846632485283 -2287500315152.1045 4.712314660094532 1112653602671.628 -1157348530422.73 0.0
1.2153821628284265 -2287500315152.1045 4.712314660093561 1112653602671.628 -1157348530422.73 0.0
1.2153796624074864 -2287500315152.1045 4.712314660093883 1112653602671.628 -1157348530422.73 0.0
1.2153771619865532 -2287500315152.1045 4.712314660094221 1112653602671.628 -1157348530422.73 0.0
1.2153746615657337 -2287500315152.1045 4.7123146600945764 1112653602671.628 -1157348530422.73 0.0
1.2153721611454886 -2287500315152.1045 4.712314660093608 1112653602671.628 -1157348530422.73 0.0
1.2153696607246198 -2287500315152.1045 4.7123146600939325 1112653602671.628 -1157348530422.73 0.0
1.2153671603036544 -2287500315152.1045 4.712314660094273 1112653602671.628 -1157348530422.73 0.0
1.2153646598826737 -2287500315152.1045 4.712314660094631 1112653602671.628 -1157348530422.73 0.0
1.2153621594622523 -2287500315152.1045 4.712314660093665 1112653602671.628 -1157348530422.73 0.0
1.2153596590415927 -2287500315152.1045 4.712314660093992 1112653602671.628 -1157348530422.73 0.0
1.2153571586205545 -2287500315152.1045 4.712314660094336 1112653602671.628 -1157348530422.73 0.0
1.215354658199436 -2287500315152.1045 4.712314660094696 1112653602671.628 -1157348530422.73 0.0
1.2153521577794602 -2287500315152.1045 4.712314660093734 1112653602671.628 -1157348530422.73 0.0
1.2153496573584683 -2287500315152.1045 4.712314660094064 1112653602671.628 -1157348530422.73 0.0
1.215347156937617 -2287500315152.1045 4.712314660094411 1112653602671.628 -1157348530422.73 0.0
1.215344656516621 -2287500315152.1045 4.712314660094775 1112653602671.628 -1157348530422.73 0.0
1.2153421560965605 -2287500315152.1045 4.712314660093817 1112653602671.628 -1157348530422.73 0.0
1.2153396556755154 -2287500315152.1045 4.712314660094152 1112653602671.628 -1157348530422.73 0.0
1.2153371552543022 -2287500315152.1045 4.712314660094504 1112653602671.628 -1157348530422.73 0.0
1.2153346548334798 -2287500315152.1045 4.7123146600942025 1112653602671.628 -1157348530422.73 0.0
1.215332154412603 -2287500315152.1045 4.712314660094557 1112653602671.628 -1157348530422.73 0.0
1.2153296539925889 -2287500315152.1045 4.712314660093588 1112653602671.628 -1157348530422.73 0.0
1.2153271535715249 -2287500315152.1045 4.712314660093911 1112653602671.628 -1157348530422.73 0.0
1.215324653150765 -2287500315152.1045 4.7123146600942505 1112653602671.628 -1157348530422.73 0.0
1.2153221527295877 -2287500315152.1045 4.712314660094607 1112653602671.628 -1157348530422.73 0.0
1.2153196523095084 -2287500315152.1045 4.712314660093639 1112653602671.628 -1157348530422.73 0.0
1.2153171518882997 -2287500315152.1045 4.712314660093965 1112653602671.628 -1157348530422.73 0.0
1.21531465146752 -2287500315152.1045 4.712314660094307 1112653602671.628 -1157348530422.73 0.0
1.215312151046253 -2287500315152.1045 4.712314660094666 1112653602671.628 -1157348530422.73 0.0
1.2153096506258876 -2287500315152.1045 4.7123146600937025 1112653602671.628 -1157348530422.73 0.0
1.2153071502045147 -2287500315152.1045 4.712314660094031 1112653602671.628 -1157348530422.73 0.0
1.2153046497835738 -2287500315152.1045 4.712314660094377 1112653602671.628 -1157348530422.73 0.0
1.2153021493623157 -2287500315152.1045 4.712314660094739 1112653602671.628 -1157348530422.73 0.0
1.2152996489417462 -2287500315152.1045 4.712314660093779 1112653602671.628 -1157348530422.73 0.0
1.2152971485204938 -2287500315152.1045 4.712314660094112 1112653602671.628 -1157348530422.73 0.0
1.2152946480991595 -2287500315152.1045 4.712314660094461 1112653602671.628 -1157348530422.73 0.0
1.2152921476782885 -2287500315152.1045 4.712314660094157 1112653602671.628 -1157348530422.73 0.0
1.2152896472569157 -2287500315152.1045 4.712314660094509 1112653602671.628 -1157348530422.73 0.0
1.2152871468363309 -2287500315152.1045 4.712314660094208 1112653602671.628 -1157348530422.73 0.0
1.2152846464150684 -2287500315152.1045 4.712314660094562 1112653602671.628 -1157348530422.73 0.0
1.2152821459947603 -2287500315152.1045 4.712314660093593 1112653602671.628 -1157348530422.73 0.0
1.215279645573476 -2287500315152.1045 4.7123146600939165 1112653602671.628 -1157348530422.73 0.0
1.215277145152293 -2287500315152.1045 4.712314660094256 1112653602671.628 -1157348530422.73 0.0
1.2152746447309175 -2287500315152.1045 4.712314660094613 1112653602671.628 -1157348530422.73 0.0
1.21527214431072 -2287500315152.1045 4.7123146600936465 1112653602671.628 -1157348530422.73 0.0
1.2152696438895496 -2287500315152.1045 4.7123146600939725 1112653602671.628 -1157348530422.73 0.0
1.215267143468258 -2287500315152.1045 4.712314660094315 1112653602671.628 -1157348530422.73 0.0
1.2152646430468 -2287500315152.1045 4.712314660094675 1112653602671.628 -1157348530422.73 0.0
1.2152621426265628 -2287500315152.1045 4.712314660093711 1112653602671.628 -1157348530422.73 0.0
1.2152596422054798 -2287500315152.1045 4.712314660094041 1112653602671.628 -1157348530422.73 0.0
1.2152571417843783 -2287500315152.1045 4.712314660094386 1112653602671.628 -1157348530422.73 0.0
1.2152546413629997 -2287500315152.1045 4.71231466009475 1112653602671.628 -1157348530422.73 0.0
1.2152521409427253 -2287500315152.1045 4.7123146600937895 1112653602671.628 -1157348530422.73 0.0
1.2152496405213407 -2287500315152.1045 4.712314660094123 1112653602671.628 -1157348530422.73 0.0
1.2152471401000335 -2287500315152.1045 4.7123146600944725 1112653602671.628 -1157348530422.73 0.0
1.2152446396791885 -2287500315152.1045 4.71231466009417 1112653602671.628 -1157348530422.73 0.0
1.2152421392579582 -2287500315152.1045 4.712314660094522 1112653602671.628 -1157348530422.73 0.0
1.2152396388375675 -2287500315152.1045 4.7123146600935515 1112653602671.628 -1157348530422.73 0.0
1.2152371384163239 -2287500315152.1045 4.712314660093873 1112653602671.628 -1157348530422.73 0.0
1.2152346379949472 -2287500315152.1045 4.7123146600942105 1112653602671.628 -1157348530422.73 0.0
1.215232137573624 -2287500315152.1045 4.712314660094565 1112653602671.628 -1157348530422.73 0.0
