4.0658273731692135e-16 2.2 3.44
0.2195946644601969 2.1886219379197014 3.4960049015816947
0.43677455962820694 2.1546765483622057 3.5498126868400726
0.6491616839686696 2.098563245619934 3.600611051438318
0.8544806389550546 2.0210367647458387 3.647591817892533
1.0506259025242477 1.923157814683698 3.6900452903989054
1.2357006060733102 1.8062185676993119 3.727443020808429
1.4080209999952733 1.6716614317072274 3.759495491848737
1.566092283612207 1.5210116918102192 3.7861768587843776
1.7033165754750264 1.363524185733055 3.8078012742665166
1.8243870099329857 1.2191946361179662 3.7308666773480885
1.907360413687436 1.0662877428353423 3.8358357145503335
1.9867246283750346 0.9417006318955939 3.7525727568898186
2.0315787160303014 0.8110424237008875 3.85744190922307
2.084257288742055 0.7106841996111743 3.770867814557716
2.104206993384364 0.6043206907126185 3.8756374293069995
2.141295062336492 0.5267267208650046 3.7875424256610435
2.1456134436300833 0.44243752826201815 3.892209149158791
2.17428109344806 0.38389747080079467 3.8035015470238243
2.168859835329044 0.31807968968131334 3.908058970220312
2.193404949906061 0.27456661434117835 3.819122957261286
2.1817450288385754 0.22358971350017767 3.9228236558439793
2.204569996694896 0.19155194256556443 3.833820871207687
2.188689267415842 0.15223569510730817 3.9344496622488214
2.2109311347980243 0.12884852935818333 3.845551377077249
2.1923617007161718 0.09852220338400955 3.9437085311211932
2.2145832807855466 0.08160983417080551 3.8549681353955414
2.194254978358018 0.05815885438751077 3.95114780183427
2.2167102364007807 0.04607503059881963 3.8625627358855614
2.195195279653514 0.02785848453619831 3.9571640835014055
2.2179773269899075 0.019368739728888883 3.8687091461610046
2.195635338135116 0.0051271638877967325 3.9620517498712933
2.2187572059131093 -0.0006901278639815154 3.873695892429287
2.1958203452263634 -0.011917535728867107 3.9660345857684525
2.219258186031711 -0.015749019129496868 3.8777486327582267
2.195881046465042 -0.024692698088616415 3.969286317673922
2.2195966626907553 -0.027049472739416137 3.881045928706249
2.1958856439741163 -0.034263636724574324 3.9719441138278864
2.2198377923315933 -0.03552597373841056 3.8837303919680206
2.195868559926532 -0.04143064963991601 3.97411767759963
2.220018254689657 -0.04188140579271307 3.885916720068961
2.1958462683798845 -0.0467947140095222 3.975895563178814
2.2201589438239395 -0.046644227802367516 3.8876976250196473
2.1958259328603598 -0.05080701650303671 3.9773497105513687
2.220272016740302 -0.05021163983010475 3.8891483090728243
2.1958100619669816 -0.05380621756611737 3.9785388087411504
2.220364791324292 -0.05288210926511443 3.8903299134818994
2.1957989753807716 -0.0560464603909456 3.9795108620674675
2.220441891601739 -0.054879856364620797 3.8912922210555934
2.195792076639906 -0.057718415270495316 3.9803051944051284
2.220506422523593 -0.05637327812627042 3.8920758019867905
2.1957884838734025 -0.05896508918177286 3.9809540427461707
2.2205606104238163 -0.05748880787027357 3.892713734185459
2.195787321382483 -0.05989370254347999 3.9814838404011144
2.220606151345826 -0.05832133979489597 3.8932329920492075
2.1957878370040413 -0.060584611410838415 3.981916259729668
2.2206444009836366 -0.058942069072444266 3.8936555728386444
2.1957894338418815 -0.06109800998351606 3.9822690640741887
2.2206764795784935 -0.05940438749430509 3.8939994129832964
2.1957916630696115 -0.06147896518598861 3.9825568065815196
2.2207033316602147 -0.059748316289572036 3.894279135138241
2.195794201668172 -0.06176119800489334 3.9827914043572585
2.2207257619988297 -0.060003838571728196 3.8945066576824567
2.195796826751342 -0.06196992298184069 3.9829826107709625
2.2207444591347016 -0.060193403945269265 3.894691692523246
2.1957993916883636 -0.0621239799794518 3.983138404058484
2.2207600123320685 -0.06033381057130814 3.8948421515917317
2.1958018059566253 -0.062237434186903515 3.983265306961805
2.2207729249482187 -0.06043761893504489 3.894964478838332
2.1958040190779595 -0.06232077655582746 3.983368649566003
2.2207836256801294 -0.060514213581796254 3.895063921352337
2.1958060082846185 -0.06238182416411728 3.983452785257499
2.2207924783807913 -0.06057060014438419 3.895144750673141
2.19580776932137 -0.062426395174323426 3.9835212681103545
2.220799790771394 -0.06061200344184559 3.895210443410366
2.195809309746302 -0.0624588145784033 3.983576998385904
2.220805822203526 -0.060642316094611244 3.895263828616288
2.1958106441643266 -0.06248229297144638 3.9836223418888466
2.2208107905456465 -0.06066443486783646 3.8953072079318134
2.195811790913102 -0.062499210013566196 3.9836592277193885
2.2208148782699095 -0.06068051270591551 3.8953424536114007
2.1958127698225054 -0.06251132646168692 3.983689228350481
2.2208182377742 -0.06069214745887781 3.8953710883289037
2.1958136007517104 -0.06251994261911184 3.983713625158673
2.2208209960251484 -0.060700523134455474 3.895394350310685
2.195814302677347 -0.06252601668390638 3.9837334619921068
2.22082325855583 -0.06070651556260711 3.895413246298631
2.1958148931695054 -0.06253025302345659 3.9837495889705927
2.2208251129032615 -0.06071077132867415 3.8954285947194083
2.1958153881304874 -0.0625331679987804 3.983762698261985
2.2208266315426712 -0.06071376672231108 3.895441060837484
2.195815801710435 -0.062535138934803 3.983773353297756
2.2208278743760834 -0.06071585170660314 3.895451185343852
2.1958161463341592 -0.06253644057093154 3.9837820126156123
2.2208288908394485 -0.06071728272157102 3.8954594076556694
2.1958164327972045 -0.06253727211868854 3.98378904932303
2.220829721671463 -0.06071824705615477 3.8954660848222353
2.195816670398126 -0.0625377773167448 3.9837947669316174
2.2208304004042843 -0.06071888098173285 3.8954715069592165
2.1958168670902904 -0.06253805927750565 3.9837994123154106
2.2208309546061713 -0.060719283239958885 3.8954759097758096
2.195817029635398 -0.06253819148860225 3.983803186252695
2.2208314069188986 -0.06071952502150476 3.8954794847650165
2.195817163753133 -0.06253822587008813 3.9838062519957713
2.2208317759178864 -0.06071965733677759 3.895482387463383
2.195817274260151 -0.06253819874526138 3.9838087422624993
2.2208320768316785 -0.06071971649027057 3.8954847442149534
2.1958173651981814 -0.06253813520487259 3.9838107649501033
2.2208323221350397 -0.060719728107187065 3.8954866576447573
2.1958174399471684 -0.06253805230043583 3.9838124077574593
2.2208325220391485 -0.0607197100678003 3.895488211099628
2.1958175013251804 -0.06253796137020734 3.9838137419500317
2.22083268489635 -0.06071967470148455 3.895489472266756
2.195817551677057 -0.06253786972345551 3.9838148254563475
2.220832817535726 -0.06071963035656218 3.895490496120958
2.19581759294765 -0.06253778188107126 3.9838157053295244
2.2208329255355332 -0.060719582561885116 3.89549132729373
2.195817626749019 -0.06253770042567658 3.983816419820091
2.220833013451705 -0.06071953486812584 3.895492002031915
2.1958176544122847 -0.06253762664958659 3.983816999970565
2.2208330850023588 -0.060719489438174665 3.8954925497605633
2.195817677038197 -0.06253756098577232 3.983817471040845
2.220833143223401 -0.06071944749507421 3.895492994390277
2.1958176955323476 -0.06253750332779921 3.9838178535138637
2.2208331905882313 -0.0607194096292091 3.89549335531506
2.1958177106413337 -0.06253745323912961 3.983818164051176
2.2208332291140125 -0.06071937600814416 3.895493648284748
2.195817722978442 -0.06253741009778067 3.9838184161692887
2.220833260446108 -0.060719346539623346 3.895493886097533
2.1958177330474924 -0.06253737321147702 3.983818620855017
2.220833285923332 -0.0607193209838372 3.89549407913209
2.195817741261907 -0.06253734185921578 3.9838187870251454
2.220833306637064 -0.06071929899788184 3.8954942358175892
2.1958177479609593 -0.06253731534482951 3.983818921929681
2.2208333234756332 -0.06071928021995812 3.8954943629973497
2.1958177534219323 -0.06253729301923888 3.9838190314422453
2.220833337161482 -0.060719264273273295 3.8954944662192097
2.1958177578721516 -0.06253727429396304 3.983819120341795
2.2208333482852813 -0.06071925079600341 3.895494550007646
2.1958177614976426 -0.06253725863726681 3.9838191925066364
2.2208333573249774 -0.060719239459613925 3.895494618016063
2.195817764450562 -0.06253724558302345 3.9838192510888493
2.2208333646704035 -0.06071922995234174 3.895494673215015
2.195817766854895 -0.0625372347274666 3.9838192986414143
2.220833370637838 -0.060719222006012416 3.8954947180113133
2.195817768811933 -0.0625372257194288 3.9838193372362674
2.2208333754863783 -0.060719215384541884 3.8954947543731504
2.1958177704049016 -0.06253721825787296 3.98381936856771
2.220833379425321 -0.06071920988274406 3.895494783887327
2.1958177717012393 -0.06253721209428598 3.9838193940057494
2.2208333826250564 -0.06071920531930877 3.895494807842631
2.195817772755563 -0.06253720700701296 3.983819414646674
2.2208333852237887 -0.06071920153849855 3.895494827282567
2.1958177736132103 -0.06253720281066291 3.983819431399645
2.220833387333983 -0.06071919841790989 3.8954948430572065
2.1958177743103153 -0.06253719936251102 3.9838194449925446
2.22083338904805 -0.060719195841834904 3.8954948558618248
2.1958177748775136 -0.0625371965260051 3.9838194560323705
2.220833390439944 -0.060719193718253156 3.895494866252962
2.1958177753386 -0.06253719419507471 3.9838194649906624
2.2208333915708858 -0.060719191971483455 3.8954948746914244
2.195817775713906 -0.06253719228040987 3.9838194722711187
2.220833392489769 -0.060719190533149364 3.8954948815435584
2.195817776018802 -0.0625371907131407 3.983819478178079
2.220833393235378 -0.06071918935557988 3.895494887101357
2.1958177762663476 -0.06253718942888914 3.9838194829663323
2.220833393840835 -0.0607191883883721 3.8954948916121084
2.195817776467477 -0.06253718837887733 3.9838194868525196
2.2208333943318177 -0.06071918759591792 3.8954948952682886
2.1958177766310802 -0.06253718751877793 3.983819490009752
2.220833394730675 -0.06071918694646757 3.8954948982372293
2.195817776763527 -0.06253718681887041 3.9838194925634136
2.2208333950543517 -0.060719186415918766 3.8954949006458044
2.1958177768716647 -0.06253718624437385 3.983819494646382
2.220833395318005 -0.06071918598198178 3.8954949026073478
2.1958177769594105 -0.06253718577569438 3.9838194963349456
2.220833395531279 -0.06071918562486771 3.895494904192778
2.1958177770308756 -0.06253718539053439 3.9838194977079766
2.2208333957052058 -0.060719185331625965 3.895494905485285
2.1958177770887937 -0.06253718507481883 3.9838194988184337
2.220833395846164 -0.0607191850966299 3.8954949065333597
2.1958177771359586 -0.06253718482107107 3.983819499724877
2.2208333959602338 -0.06071918490109711 3.895494907380363
2.195817777174015 -0.06253718461356454 3.983819500454488
2.220833396052788 -0.06071918474183702 3.895494908067479
2.1958177772046277 -0.06253718444530042 3.9838195010405197
2.220833396126225 -0.060719184612219965 3.8954949086119752
2.1958177772293173 -0.06253718430650268 3.9838195015111646
2.2208333961864724 -0.060719184510044204 3.895494909059564
2.1958177772495513 -0.06253718419439078 3.9838195018979436
2.2208333962362934 -0.060719184421912924 3.8954949094289173
2.195817777266314 -0.06253718410144582 3.983819502218316
2.220833396277245 -0.06071918435366576 3.8954949097334106
2.1958177772799927 -0.06253718402991375 3.9838195024825374
2.2208333963109625 -0.060719184297287204 3.8954949099840785
2.1958177772912912 -0.0625371839720452 3.9838195027015555
2.2208333963379316 -0.06071918425550867 3.89549491018528
2.195817777300327 -0.06253718392349045 3.9838195028752694
2.2208333963596005 -0.060719184216354735 3.895494910345753
2.195817777307401 -0.06253718388073344 3.9838195030081796
2.2208333963774467 -0.06071918418526948 3.8954949104781598
2.19581777731331 -0.06253718384712674 3.9838195031205683
2.220833396391777 -0.06071918415811156 3.895494910584013
2.1958177773180747 -0.062537183819182 3.9838195032106376
2.2208333964013622 -0.06071918413597844 3.895494910653974
2.1958177773215386 -0.06253718379864802 3.983819503275984
2.220833396411107 -0.06071918412414936 3.8954949107273693
2.195817777324799 -0.06253718378165918 3.983819503339003
2.2208333964185885 -0.06071918410968878 3.8954949107825723
2.1958177773273753 -0.06253718376869072 3.9838195033890926
2.2208333964251987 -0.06071918409729778 3.8954949108314296
2.195817777329445 -0.06253718375453965 3.9838195034269317
2.220833396430243 -0.060719184089499355 3.8954949108690666
2.195817777331298 -0.06253718374604961 3.9838195034634905
2.2208333964344384 -0.06071918408039216 3.8954949108998083
2.195817777332717 -0.06253718373875104 3.983819503490986
2.220833396438271 -0.060719184076357534 3.895494910928811
2.195817777333696 -0.06253718373246904 3.9838195035091415
2.220833396440077 -0.06071918407009414 3.895494910941543
2.195817777334608 -0.06253718372632715 3.9838195035258726
2.220833396443412 -0.06071918406594622 3.895494910966641
2.1958177773354843 -0.06253718372407474 3.983819503544292
2.220833396445875 -0.060719184066918154 3.895494910986039
2.1958177773362997 -0.06253718371969703 3.98381950355998
2.220833396446716 -0.06071918406182215 3.895494910991505
2.195817777336831 -0.06253718371552151 3.983819503569337
2.2208333964484774 -0.06071918405788041 3.895494911004387
2.1958177773373113 -0.06253718371315051 3.9838195035787094
2.2208333964492653 -0.06071918405582089 3.8954949110100867
2.1958177773377754 -0.06253718370965135 3.983819503586974
2.220833396450387 -0.06071918405378826 3.8954949110183894
2.1958177773379544 -0.06253718370910163 3.9838195035906847
2.2208333964514875 -0.060719184056027234 3.895494911027442
2.195817777338303 -0.06253718370650485 3.9838195035969175
2.2208333964523272 -0.06071918405034047 3.895494911032771
2.1958177773384397 -0.06253718370664782 3.983819503600114
2.2208333964517952 -0.060719184052209094 3.895494911029024
2.1958177773384593 -0.0625371837079327 3.9838195036013837
2.2208333964519067 -0.06071918404967115 3.895494911029354
2.195817777338465 -0.06253718370416723 3.983819503599076
2.2208333964519826 -0.06071918405136493 3.895494911030305
2.1958177773384455 -0.06253718370440871 3.9838195035987995
2.2208333964519906 -0.06071918404887597 3.8954949110298367
2.1958177773383043 -0.06253718370497025 3.9838195035959525
2.220833396451211 -0.06071918404759624 3.89549491102349
2.1958177773382723 -0.06253718370062743 3.9838195035924295
2.2208333964515115 -0.060719184045398535 3.8954949110253616
2.195817777338326 -0.06253718370245151 3.9838195035948307
2.2208333964516545 -0.0607191840503428 3.895494911027531
2.1958177773386436 -0.06253718370308564 3.9838195036024477
2.220833396452508 -0.060719184045911874 3.8954949110332366
2.195817777338822 -0.06253718369978281 3.983819503604366
2.220833396452671 -0.06071918404567206 3.8954949110344548
2.195817777338899 -0.06253718369821032 3.983819503605078
2.2208333964529325 -0.060719184041745075 3.8954949110356547
2.1958177773390197 -0.06253718369751547 3.9838195036073714
2.2208333964532194 -0.06071918404229626 3.895494911038008
2.195817777338979 -0.06253718369847365 3.9838195036070645
2.220833396453213 -0.060719184041529206 3.8954949110377974
2.1958177773391268 -0.06253718369902586 3.983819503610784
2.220833396453166 -0.06071918404538161 3.8954949110382535
2.1958177773388137 -0.06253718370127621 3.9838195036051323
2.22083339645298 -0.060719184047040575 3.895494911037154
2.195817777338711 -0.06253718370251125 3.983819503603598
2.2208333964524014 -0.0607191840469369 3.895494911032624
2.195817777338797 -0.062537183702076 3.9838195036052686
2.2208333964533438 -0.06071918404877281 3.895494911040358
2.1958177773387244 -0.0625371837061094 3.983819503606224
2.220833396452482 -0.060719184049676016 3.8954949110338326
2.195817777338664 -0.0625371837045623 3.9838195036038537
2.2208333964519142 -0.060719184049683704 3.895494911029418
2.195817777338473 -0.06253718370418063 3.983819503599271
2.2208333964522797 -0.06071918404842788 3.895494911031994
2.195817777338594 -0.06253718370203215 3.9838195036006194
2.2208333964511104 -0.060719184048587886 3.895494911022921
2.1958177773383167 -0.0625371837041069 3.9838195035956794
2.2208333964514386 -0.06071918404980985 3.8954949110257338
2.195817777338285 -0.06253718370544108 3.983819503595823
2.2208333964516123 -0.06071918404862481 3.895494911026841
2.195817777338289 -0.0625371837023065 3.9838195035938946
2.2208333964511153 -0.060719184050478575 3.8954949110233588
2.1958177773381813 -0.06253718370797212 3.9838195035951127
2.220833396451032 -0.060719184051588146 3.8954949110229484
2.1958177773380108 -0.06253718370823565 3.9838195035914086
2.220833396450812 -0.0607191840511681 3.895494911021149
2.1958177773383913 -0.0625371837039475 3.983819503597266
2.220833396451391 -0.06071918404824764 3.8954949110250334
2.195817777338526 -0.06253718370412213 3.9838195036004396
2.220833396452304 -0.060719184050235714 3.895494911032568
2.195817777338373 -0.06253718370535087 3.983819503597764
2.2208333964517006 -0.060719184049433085 3.8954949110276993
2.1958177773384158 -0.06253718370527107 3.983819503598676
2.2208333964513276 -0.060719184050651194 3.895494911025051
2.1958177773383123 -0.06253718370618451 3.9838195035969184
2.2208333964517077 -0.060719184051388486 3.895494911028167
2.1958177773384664 -0.06253718370559555 3.983819503600034
2.220833396452029 -0.06071918404858139 3.8954949110300694
2.195817777338607 -0.06253718370358474 3.9838195036019317
2.2208333964524316 -0.06071918404945454 3.8954949110333956
2.195817777338631 -0.06253718370417198 3.983819503602864
2.2208333964524423 -0.06071918404946916 3.8954949110334844
2.1958177773387275 -0.06253718370246196 3.9838195036039368
2.220833396452807 -0.060719184045658 3.8954949110355104
2.195817777338696 -0.06253718370076587 3.9838195036021293
2.220833396452116 -0.060719184045301064 3.8954949110300503
2.1958177773386094 -0.0625371836995591 3.983819503599384
2.2208333964520466 -0.06071918404442026 3.895494911029323
2.195817777338564 -0.06253718370319948 3.983819503600701
2.220833396451858 -0.0607191840508231 3.895494911029214
2.1958177773383336 -0.06253718370770611 3.9838195035983888
2.2208333964520848 -0.06071918405082141 3.895494911030984
2.1958177773384855 -0.06253718370585178 3.9838195036006336
2.220833396451719 -0.060719184050026756 3.895494911027964
2.1958177773384397 -0.06253718370455298 3.983819503598757
2.2208333964514866 -0.06071918405065158 3.8954949110262875
2.1958177773383225 -0.06253718370480778 3.9838195035962602
2.2208333964515306 -0.06071918405063501 3.8954949110266255
2.1958177773384393 -0.06253718370370148 3.983819503598202
2.2208333964517157 -0.06071918404935256 3.895494911027798
2.195817777338281 -0.06253718370399902 3.9838195035948023
2.220833396451461 -0.06071918404988448 3.8954949110259256
2.1958177773382506 -0.06253718370590561 3.9838195035953423
2.2208333964513645 -0.06071918405048095 3.895494911025301
2.1958177773383523 -0.0625371837063623 3.983819503597937
2.2208333964517264 -0.06071918405031468 3.8954949110280874
2.1958177773384246 -0.06253718370716999 3.983819503600108
2.220833396451958 -0.06071918404785157 3.8954949110293695
2.1958177773385423 -0.06253718370262942 3.9838195035998503
2.2208333964517055 -0.06071918405031115 3.8954949110279222
2.1958177773384757 -0.06253718370740421 3.9838195036014183
2.220833396451846 -0.060719184054150895 3.8954949110298336
2.195817777338476 -0.06253718370965375 3.983819503602885
2.220833396452541 -0.06071918405299391 3.895494911035004
2.1958177773387515 -0.06253718370467262 3.9838195036059063
2.220833396452642 -0.060719184051802426 3.8954949110355375
2.195817777338698 -0.06253718370397332 3.983819503604249
2.2208333964525053 -0.06071918405076926 3.895494911034252
2.195817777338574 -0.06253718370444653 3.9838195036017447
2.220833396452596 -0.060719184048701524 3.895494911034517
2.1958177773386707 -0.0625371837036617 3.9838195036034154
2.220833396452572 -0.060719184051143175 3.8954949110348513
2.1958177773386494 -0.06253718370553536 3.9838195036041437
2.220833396452276 -0.06071918405250452 3.895494911032834
2.1958177773385654 -0.06253718370864084 3.98381950360426
2.2208333964526066 -0.060719184053827736 3.895494911035692
2.1958177773387453 -0.06253718370676925 3.983819503607128
2.220833396452774 -0.06071918404940271 3.8954949110360513
2.195817777338862 -0.06253718370099699 3.9838195036060386
2.2208333964531892 -0.06071918404656218 3.8954949110386847
2.1958177773388723 -0.06253718370075527 3.9838195036061186
2.2208333964525497 -0.060719184047847014 3.895494911033973
2.1958177773387355 -0.06253718370312727 3.9838195036045496
2.2208333964524405 -0.06071918404713489 3.895494911032973
2.195817777338736 -0.06253718370083727 3.9838195036030846
2.220833396452539 -0.06071918404498348 3.8954949110332797
2.1958177773385423 -0.06253718370227564 3.9838195035996105
2.220833396451962 -0.060719184048609695 3.8954949110295614
2.1958177773383505 -0.06253718370466413 3.9838195035968016
2.2208333964519387 -0.060719184049905936 3.895494911029651
2.1958177773384264 -0.06253718370567833 3.9838195035991815
2.220833396452255 -0.06071918405294167 3.8954949110327615
2.1958177773386254 -0.06253718370619052 3.9838195036040345
2.220833396452248 -0.06071918405445107 3.8954949110330284
2.195817777338448 -0.0625371837085599 3.9838195036015316
2.22083339645239 -0.06071918405541085 3.895494911034339
2.1958177773386525 -0.06253718370917959 3.98381950360658
2.2208333964529112 -0.06071918405569358 3.895494911038462
2.1958177773386245 -0.06253718370776662 3.9838195036050283
2.2208333964529783 -0.06071918405296489 3.8954949110384014
2.195817777338667 -0.06253718370756874 3.9838195036058734
2.2208333964529503 -0.060719184051228045 3.895494911037819
2.195817777338805 -0.06253718370475564 3.983819503607176
2.2208333964529037 -0.0607191840511621 3.8954949110374364
2.1958177773387635 -0.06253718370489597 3.98381950360633
2.220833396452817 -0.06071918404882256 3.8954949110362658
2.1958177773389433 -0.06253718370344355 3.983819503609478
2.2208333964531137 -0.06071918404821084 3.8954949110384463
2.1958177773387897 -0.06253718370492892 3.983819503606942
2.2208333964527465 -0.06071918405056216 3.895494911036084
2.1958177773387275 -0.06253718370523847 3.983819503605736
2.2208333964524596 -0.0607191840489559 3.895494911033508
2.195817777338757 -0.0625371837039023 3.983819503605538
2.220833396452492 -0.06071918404771467 3.8954949110334964
2.1958177773386116 -0.06253718370104062 3.983819503600389
2.2208333964520346 -0.06071918404708135 3.895494911029797
2.19581777733848 -0.06253718370350063 3.983819503599003
2.2208333964519 -0.060719184048001 3.8954949110289485
2.1958177773384215 -0.06253718370278846 3.9838195035972053
2.2208333964517655 -0.06071918404947878 3.8954949110282127
2.195817777338531 -0.06253718370399051 3.9838195036004658
2.2208333964518507 -0.060719184048244404 3.89549491102861
2.1958177773385 -0.0625371837033094 3.9838195035993214
2.2208333964514764 -0.060719184048804165 3.895494911025815
2.1958177773384406 -0.06253718370344973 3.9838195035980624
2.220833396451011 -0.0607191840477102 3.8954949110219586
2.19581777733828 -0.06253718370217497 3.983819503593598
2.2208333964514813 -0.06071918404680861 3.8954949110254296
2.1958177773385112 -0.06253718370036976 3.9838195035976858
2.2208333964516007 -0.06071918404654588 3.8954949110263026
2.195817777338533 -0.06253718370454736 3.983819503600883
2.2208333964527407 -0.06071918405032464 3.89549491103599
2.195817777338718 -0.06253718370380552 3.9838195036045856
2.220833396452586 -0.0607191840497055 3.8954949110346493
2.1958177773386858 -0.0625371837033386 3.9838195036035606
2.220833396452836 -0.06071918404812034 3.895494911036264
2.195817777338985 -0.0625371837003286 3.9838195036084114
2.2208333964535685 -0.0607191840464018 3.895494911041606
2.1958177773392027 -0.06253718370192506 3.983819503614376
2.2208333964541622 -0.06071918404840927 3.8954949110466557
2.195817777339073 -0.06253718370430361 3.9838195036129602
2.2208333964536067 -0.06071918404816312 3.8954949110422765
2.195817777338703 -0.06253718370545834 3.9838195036053183
2.220833396452244 -0.060719184048040505 3.8954949110316366
2.195817777338776 -0.06253718370181532 3.983819503604624
2.220833396452563 -0.06071918404922424 3.8954949110343735
2.1958177773389176 -0.06253718370264448 3.983819503608367
2.2208333964534 -0.06071918404794281 3.89549491104062
2.19581777733888 -0.06253718370362471 3.983819503608146
2.220833396453116 -0.060719184050862456 3.895494911039031
2.195817777338937 -0.062537183703783 3.98381950360956
2.2208333964535254 -0.060719184049273234 3.895494911041877
2.1958177773389367 -0.062537183702282 3.9838195036085713
2.220833396453043 -0.06071918404650735 3.895494911037533
2.1958177773389873 -0.0625371837032013 3.983819503610311
2.220833396453256 -0.06071918405027457 3.895494911039992
2.195817777338877 -0.06253718370396573 3.983819503608312
2.220833396452706 -0.060719184046809524 3.8954949110349695
2.195817777338627 -0.06253718369917265 3.983819503599526
2.2208333964526727 -0.06071918404701045 3.8954949110347528
2.1958177773388474 -0.06253718370219016 3.9838195036064823
2.220833396452875 -0.060719184046525945 3.8954949110362267
2.1958177773387297 -0.06253718370172617 3.9838195036035144
2.2208333964522873 -0.060719184047449 3.8954949110318458
2.19581777733868 -0.06253718370251525 3.983819503602893
2.2208333964524085 -0.060719184046546255 3.8954949110325954
2.1958177773386134 -0.06253718370332435 3.98381950360191
2.220833396452409 -0.06071918405054405 3.89549491103345
2.195817777338561 -0.06253718370397332 3.9838195036011346
2.2208333964520666 -0.060719184049734254 3.8954949110306116
2.1958177773385694 -0.062537183703935 3.983819503601305
2.22083339645175 -0.06071918404958346 3.895494911028113
2.1958177773384446 -0.0625371837030941 3.98381950359792
2.220833396451628 -0.060719184047217795 3.895494911026662
2.1958177773384677 -0.06253718370369302 3.983819503598842
2.220833396451984 -0.06071918404902037 3.8954949110298145
2.195817777338755 -0.06253718370335766 3.983819503605138
2.2208333964523113 -0.06071918404593858 3.8954949110317116
2.195817777338715 -0.06253718369973095 3.983819503601901
2.220833396452086 -0.0607191840472762 3.8954949110302404
2.195817777338655 -0.06253718370232278 3.98381950360221
2.2208333964521327 -0.06071918404800587 3.8954949110307595
2.1958177773385525 -0.06253718370397746 3.983819503600941
2.220833396452535 -0.06071918404957138 3.8954949110342274
2.1958177773385827 -0.0625371837043321 3.9838195036018584
2.22083339645176 -0.06071918405098871 3.89549491102849
2.1958177773383745 -0.06253718370627802 3.983819503598387
2.2208333964516096 -0.06071918405153139 3.895494911027434
2.1958177773382523 -0.06253718370585346 3.9838195035953503
2.220833396451721 -0.060719184050240495 3.895494911028028
2.195817777338283 -0.06253718370434552 3.983819503595069
2.2208333964521216 -0.06071918404776623 3.895494911030624
2.1958177773385903 -0.0625371837012113 3.983819503600007
2.220833396451967 -0.060719184045862545 3.8954949110290116
2.195817777338669 -0.06253718369953201 3.9838195036007162
2.220833396452164 -0.06071918404409628 3.895494911030167
2.1958177773385907 -0.0625371837004091 3.983819503599512
2.2208333964524396 -0.06071918404240079 3.8954949110319577
2.1958177773386414 -0.06253718369953952 3.983819503600094
2.220833396452367 -0.060719184046227316 3.895494911032206
2.195817777338934 -0.06253718369992213 3.9838195036069872
2.2208333964533473 -0.060719184047988255 3.895494911040217
2.1958177773387844 -0.06253718370392894 3.983819503606184
2.2208333964526425 -0.060719184050875646 3.895494911035341
2.1958177773385774 -0.06253718370434756 3.98381950360175
2.220833396452757 -0.060719184048090555 3.895494911035642
2.195817777338777 -0.06253718370329436 3.9838195036056034
2.2208333964530227 -0.0607191840486387 3.8954949110378303
2.195817777338718 -0.06253718370403684 3.9838195036047406
2.2208333964526887 -0.0607191840497547 3.8954949110354615
2.195817777338671 -0.06253718370446296 3.9838195036039545
2.220833396452584 -0.0607191840487698 3.8954949110344366
2.1958177773388976 -0.06253718370378039 3.9838195036086455
2.2208333964528406 -0.060719184045523705 3.895494911035743
2.1958177773389616 -0.06253718370102278 3.9838195036083173
2.2208333964534988 -0.060719184046114656 3.895494911041
2.1958177773389562 -0.06253718370185753 3.983819503608737
2.220833396453179 -0.06071918404638818 3.895494911038564
2.1958177773389083 -0.06253718370155509 3.98381950360745
2.2208333964524316 -0.06071918405023574 3.895494911033562
2.1958177773386227 -0.06253718370365983 3.983819503602332
2.2208333964522526 -0.06071918404942449 3.895494911031995
2.1958177773385943 -0.06253718370294661 3.983819503601234
2.220833396452743 -0.06071918404730107 3.895494911035362
2.1958177773387626 -0.06253718370403859 3.983819503605754
2.2208333964528695 -0.06071918405004292 3.8954949110369337
2.1958177773389 -0.0625371837041806 3.983819503608963
2.220833396453434 -0.0607191840480607 3.8954949110409087
2.1958177773390415 -0.0625371837020693 3.983819503610813
2.220833396452931 -0.06071918404637549 3.895494911036632
2.195817777338768 -0.06253718370201759 3.983819503604571
2.220833396452701 -0.060719184046450124 3.895494911034855
2.1958177773387777 -0.06253718370206764 3.9838195036048196
2.2208333964525715 -0.060719184046484576 3.8954949110338526
2.1958177773385925 -0.0625371837031969 3.9838195036013504
2.2208333964523237 -0.06071918404890579 3.895494911032438
2.195817777338711 -0.06253718370492668 3.9838195036051527
2.2208333964525093 -0.06071918405065931 3.8954949110342585
2.195817777338582 -0.06253718370552955 3.9838195036026156
2.220833396451878 -0.06071918405248081 3.895494911029729
2.1958177773384095 -0.06253718370979189 3.983819503601456
2.2208333964524094 -0.06071918405327161 3.89549491103404
2.1958177773387177 -0.0625371837073062 3.9838195036068504
2.220833396452369 -0.060719184053750166 3.8954949110338224
2.195817777338482 -0.0625371837105825 3.983819503603617
2.2208333964520635 -0.060719184054929154 3.8954949110316925
2.195817777338214 -0.06253718371063392 3.983819503597563
2.22083339645165 -0.06071918405421759 3.8954949110283206
2.1958177773384344 -0.06253718370830624 3.9838195036010573
2.2208333964522824 -0.06071918405189968 3.8954949110327552
2.195817777338641 -0.0625371837049081 3.9838195036035478
2.2208333964530906 -0.06071918405082129 3.8954949110388237
2.195817777338851 -0.06253718370411968 3.9838195036078154
2.220833396453378 -0.06071918404966991 3.895494911040811
2.1958177773389633 -0.06253718370362954 3.983819503610056
2.2208333964534197 -0.06071918404964391 3.8954949110411325
2.1958177773390046 -0.06253718370642432 3.983819503612789
2.2208333964544056 -0.06071918405308981 3.8954949110495516
2.1958177773390046 -0.0625371837094902 3.983819503614775
2.220833396453263 -0.06071918405199951 3.8954949110404136
2.1958177773388705 -0.06253718370386745 3.9838195036080895
2.2208333964531355 -0.06071918405044252 3.8954949110390906
2.19581777733865 -0.06253718370449066 3.983819503603492
2.220833396452344 -0.06071918405125142 3.895494911033096
2.1958177773385237 -0.0625371837077252 3.9838195036027173
2.220833396451839 -0.06071918405285776 3.895494911029506
2.195817777338439 -0.06253718370522295 3.983819503599177
2.2208333964519658 -0.06071918405060646 3.895494911030014
2.1958177773383465 -0.0625371837052003 3.983819503597061
2.2208333964524534 -0.06071918404830333 3.895494911033319
2.1958177773384144 -0.06253718370326013 3.983819503597344
2.22083339645255 -0.06071918404694048 3.895494911033784
2.1958177773386214 -0.06253718370231547 3.983819503601433
2.220833396451493 -0.06071918404689281 3.895494911025536
2.1958177773384153 -0.06253718370151568 3.9838195035962327
2.220833396451218 -0.06071918404896341 3.8954949110238375
2.1958177773382896 -0.06253718370811183 3.9838195035976485
2.220833396452073 -0.06071918405330286 3.8954949110314194
2.195817777338338 -0.06253718370945316 3.9838195035996233
2.2208333964527007 -0.0607191840566141 3.8954949110370207
2.195817777338452 -0.06253718370742649 3.9838195036009076
2.220833396452508 -0.0607191840501263 3.8954949110341324
2.195817777338849 -0.06253718370295631 3.9838195036070227
2.220833396452744 -0.06071918404881661 3.895494911035691
2.1958177773388945 -0.06253718370208756 3.9838195036074855
2.2208333964530755 -0.060719184046392274 3.8954949110377592
2.19581777733895 -0.06253718370013729 3.9838195036074935
2.2208333964538203 -0.06071918404783537 3.8954949110438704
2.195817777338883 -0.06253718370247809 3.9838195036074744
2.220833396452669 -0.060719184049690025 3.8954949110352963
2.1958177773389864 -0.06253718370124647 3.9838195036090207
2.2208333964529197 -0.060719184048049595 3.8954949110368986
2.195817777338888 -0.06253718370354053 3.983819503608278
2.2208333964530613 -0.06071918404960945 3.895494911038334
2.195817777338835 -0.06253718370287442 3.9838195036066426
2.2208333964524907 -0.06071918404810005 3.89549491103357
2.1958177773386245 -0.06253718370628468 3.9838195036040704
2.2208333964521705 -0.06071918404987477 3.89549491103145
2.1958177773383483 -0.06253718370582201 3.983819503597496
2.2208333964519773 -0.060719184054510295 3.895494911030933
2.195817777338449 -0.06253718370989159 3.9838195036024153
2.2208333964518703 -0.060719184055707046 3.8954949110303527
2.1958177773382435 -0.06253718370976911 3.983819503597676
2.2208333964516966 -0.060719184054655116 3.8954949110287793
2.1958177773384024 -0.0625371837087172 3.983819503600611
2.220833396452088 -0.060719184052487045 3.895494911031366
2.195817777338283 -0.06253718370824242 3.983819503597588
2.2208333964515283 -0.06071918405490022 3.895494911027519
2.195817777338475 -0.06253718370706407 3.983819503601178
2.2208333964521114 -0.060719184054356036 3.895494911031946
2.1958177773385112 -0.0625371837072642 3.9838195036021373
2.220833396452426 -0.06071918405227273 3.895494911033951
2.1958177773386396 -0.06253718370420734 3.9838195036030735
2.220833396452707 -0.06071918405155053 3.8954949110359864
2.1958177773384544 -0.062537183706435 3.983819503600316
2.2208333964526505 -0.060719184050858105 3.8954949110354002
2.195817777338642 -0.06253718370538243 3.9838195036038835
2.220833396452703 -0.06071918405251618 3.8954949110361596
2.1958177773385534 -0.0625371837089757 3.9838195036041864
2.2208333964527682 -0.060719184054120356 3.895494911037014
2.1958177773386387 -0.06253718370988087 3.983819503606717
2.2208333964529747 -0.06071918405332506 3.8954949110384516
2.1958177773387226 -0.06253718370821884 3.9838195036075517
2.220833396452312 -0.06071918405534061 3.895494911033717
2.1958177773385144 -0.06253718370936498 3.9838195036035553
2.220833396452472 -0.060719184054065366 3.8954949110346915
2.195817777338651 -0.06253718370870914 3.983819503606243
2.220833396452464 -0.06071918405380902 3.8954949110345756
2.1958177773384704 -0.0625371837096165 3.9838195036027306
2.2208333964522535 -0.0607191840533389 3.8954949110328356
2.195817777338586 -0.06253718370447321 3.9838195036020188
2.2208333964523894 -0.06071918405043397 3.8954949110332797
2.195817777338391 -0.06253718370511616 3.9838195035980117
2.220833396451844 -0.060719184050886874 3.8954949110291226
2.1958177773384437 -0.06253718370711198 3.983819503600504
2.2208333964516487 -0.06071918405359575 3.895494911028177
2.1958177773382324 -0.06253718370776765 3.9838195035961275
2.2208333964514364 -0.060719184052903004 3.8954949110263777
2.1958177773382253 -0.06253718370728582 3.98381950359566
2.220833396451492 -0.06071918405119063 3.8954949110264474
2.1958177773382395 -0.06253718370723596 3.9838195035959445
2.220833396451541 -0.06071918404827394 3.8954949110262076
2.1958177773384233 -0.06253718370459496 3.983819503598406
2.220833396451305 -0.06071918404923375 3.895494911024571
2.195817777338359 -0.06253718370559054 3.983819503597603
2.220833396451936 -0.06071918405048524 3.8954949110297568
2.1958177773385854 -0.06253718370393496 3.983819503601664
2.2208333964523788 -0.06071918404986911 3.8954949110330706
2.195817777338646 -0.06253718370450323 3.983819503603411
2.2208333964529947 -0.06071918405022895 3.8954949110379493
2.1958177773384846 -0.06253718370864585 3.983819503602426
2.2208333964521123 -0.060719184056934085 3.895494911032502
2.195817777338102 -0.0625371837123874 3.983819503596152
2.2208333964510554 -0.06071918405722447 3.89549491102433
2.1958177773381347 -0.06253718371225903 3.983819503596817
2.2208333964512557 -0.06071918405521995 3.895494911025464
2.195817777338224 -0.06253718370874235 3.9838195035965587
2.2208333964512583 -0.06071918405214703 3.89549491102483
2.195817777338206 -0.06253718370794988 3.9838195035956496
2.220833396451575 -0.060719184053545865 3.895494911027594
2.195817777338397 -0.06253718370753568 3.9838195035997215
2.2208333964515394 -0.06071918405250116 3.895494911027094
2.1958177773381564 -0.0625371837085072 3.983819503594888
2.2208333964513263 -0.06071918405412682 3.8954949110257813
2.195817777338292 -0.06253718370904682 3.9838195035983035
2.220833396451789 -0.06071918405587409 3.895494911029756
2.1958177773383936 -0.06253718370937422 3.9838195036008215
2.2208333964518947 -0.06071918405300831 3.895494911029971
2.195817777338631 -0.06253718370402753 3.9838195036027644
2.2208333964530027 -0.06071918404663998 3.8954949110372454
2.1958177773389496 -0.06253718370073504 3.983819503607871
2.2208333964525426 -0.06071918404490265 3.8954949110332926
2.1958177773387217 -0.06253718370174252 3.983819503603344
2.220833396453058 -0.060719184046737235 3.8954949110376997
2.195817777338791 -0.06253718370094764 3.9838195036043933
2.2208333964525515 -0.06071918404480123 3.8954949110333406
2.195817777338696 -0.06253718370356044 3.9838195036039297
2.2208333964525653 -0.0607191840479866 3.895494911034125
2.1958177773388017 -0.06253718370162673 3.983819503605087
2.2208333964525173 -0.060719184048784756 3.895494911033923
2.1958177773384584 -0.06253718370413874 3.9838195035989132
2.2208333964516638 -0.0607191840498318 3.8954949110274937
2.1958177773384064 -0.06253718370591786 3.983819503598895
2.2208333964518343 -0.06071918404991147 3.8954949110288397
2.195817777338502 -0.06253718370131466 3.983819503598076
2.2208333964518223 -0.06071918404903175 3.8954949110285635
2.1958177773386143 -0.06253718370214839 3.9838195036011697
2.2208333964520777 -0.06071918404963734 3.89549491103068
2.1958177773387026 -0.06253718370296288 3.983819503603704
2.2208333964521403 -0.060719184047061045 3.895494911030618
2.1958177773387955 -0.06253718369923209 3.9838195036033865
2.220833396452916 -0.06071918404251746 3.895494911035696
2.1958177773388994 -0.06253718369881248 3.983819503605474
2.220833396452788 -0.06071918404829076 3.8954949110359243
2.195817777338699 -0.0625371837020898 3.983819503603049
2.2208333964527056 -0.060719184048327976 3.8954949110352874
2.1958177773383896 -0.06253718370254797 3.9838195035963255
2.220833396450983 -0.06071918404699338 3.895494911021586
2.195817777338093 -0.06253718370157725 3.9838195035889576
2.2208333964504408 -0.060719184045309064 3.8954949110170034
2.1958177773381355 -0.06253718370017898 3.9838195035890265
2.2208333964511295 -0.060719184045244 3.8954949110223547
2.1958177773384793 -0.06253718370004434 3.983819503596745
2.2208333964515923 -0.06071918404462547 3.895494911025828
2.1958177773386445 -0.06253718369817625 3.983819503599297
2.2208333964519316 -0.06071918404347504 3.8954949110282264
2.1958177773386276 -0.0625371836986452 3.9838195035992134
2.22083339645211 -0.06071918404342022 3.895494911029608
2.195817777338792 -0.06253718369765343 3.983819503602297
2.2208333964525218 -0.060719184045836753 3.895494911033329
2.1958177773387626 -0.06253718370182958 3.9838195036043262
2.2208333964528024 -0.06071918404761458 3.895494911035893
2.195817777338829 -0.06253718370303528 3.9838195036066155
2.2208333964531666 -0.060719184048862715 3.8954949110389947
2.1958177773388066 -0.06253718370274869 3.983819503605918
2.220833396452821 -0.06071918404854483 3.8954949110362356
2.195817777338784 -0.06253718370232594 3.9838195036051225
2.2208333964528526 -0.06071918404782717 3.895494911036326
2.195817777338982 -0.06253718369877334 3.9838195036073256
2.2208333964531826 -0.060719184044839704 3.8954949110382633
2.1958177773388967 -0.06253718370175483 3.983819503607321
2.220833396453415 -0.06071918404778827 3.8954949110407022
2.195817777339013 -0.06253718370177083 3.983819503609976
2.220833396453205 -0.060719184045845066 3.8954949110386536
2.1958177773390086 -0.06253718370171801 3.9838195036098445
2.2208333964534592 -0.06071918404713461 3.8954949110409096
2.195817777339143 -0.06253718370130316 3.9838195036126254
2.2208333964531244 -0.060719184049032794 3.895494911038703
2.195817777338761 -0.0625371837030226 3.9838195036050563
2.2208333964522327 -0.060719184048313085 3.895494911031603
2.195817777338848 -0.06253718370113032 3.9838195036058184
2.2208333964534046 -0.06071918404718099 3.895494911040493
2.195817777338835 -0.06253718370310864 3.9838195036067905
2.220833396452915 -0.06071918404907543 3.89549491103708
2.1958177773387972 -0.0625371837059485 3.983819503607779
2.2208333964535742 -0.060719184049720695 3.8954949110423547
2.195817777338801 -0.0625371837037635 3.9838195036064468
2.220833396452739 -0.06071918404938153 3.895494911035775
2.1958177773387253 -0.0625371837030001 3.9838195036042263
2.220833396452705 -0.06071918404996982 3.8954949110356356
2.1958177773385046 -0.06253718370626515 3.9838195036013433
2.220833396451933 -0.06071918405150124 3.895494911029947
2.1958177773383327 -0.06253718370758753 3.9838195035982946
2.220833396452002 -0.060719184052098286 3.895494911030612
2.1958177773384717 -0.0625371837064545 3.9838195036007074
2.22083339645182 -0.060719184048934956 3.8954949110285213
2.195817777338355 -0.06253718370345752 3.983819503596123
2.220833396451697 -0.060719184049328856 3.8954949110276478
2.195817777338267 -0.06253718370549764 3.983819503595444
2.220833396451041 -0.060719184051321415 3.8954949110229604
2.195817777338231 -0.06253718370662674 3.9838195035953587
2.2208333964517317 -0.060719184052565635 3.8954949110286057
2.19581777733822 -0.06253718370844752 3.98381950359629
2.220833396451462 -0.0607191840523742 3.8954949110264656
2.1958177773383025 -0.06253718370923793 3.9838195035986717
2.2208333964522353 -0.060719184053190337 3.89549491103266
2.195817777338617 -0.06253718370475224 3.983819503602902
2.220833396452448 -0.06071918405045334 3.8954949110337393
2.195817777338696 -0.06253718370380636 3.983819503604084
2.2208333964524365 -0.06071918405080192 3.895494911033721
2.195817777338619 -0.06253718370667732 3.983819503604201
2.2208333964525506 -0.060719184050092925 3.895494911034459
2.1958177773387133 -0.06253718370350335 3.9838195036042845
2.2208333964523708 -0.06071918404928116 3.8954949110328876
2.1958177773383953 -0.06253718370456587 3.9838195035977604
2.220833396451271 -0.06071918405163269 3.8954949110248216
2.1958177773382297 -0.06253718370582595 3.98381950359481
2.2208333964512055 -0.06071918405314196 3.8954949110246297
2.195817777338274 -0.06253718370715253 3.983819503596678
2.2208333964513365 -0.06071918405269992 3.8954949110255592
2.195817777338221 -0.06253718370797129 3.983819503596001
2.2208333964513063 -0.06071918405192875 3.895494911025155
2.1958177773381435 -0.06253718370780562 3.9838195035941357
2.2208333964515043 -0.06071918405232501 3.8954949110267827
2.1958177773384686 -0.06253718370763481 3.9838195036013966
2.2208333964520874 -0.06071918405178922 3.89549491103121
2.195817777338288 -0.06253718370649416 3.9838195035965605
2.2208333964515763 -0.060719184052894996 3.895494911027466
2.1958177773383265 -0.06253718370711792 3.9838195035978448
2.2208333964515043 -0.06071918405421312 3.895494911027188
2.195817777338438 -0.06253718370667997 3.983819503600101
2.220833396452807 -0.060719184051956455 3.8954949110368533
2.195817777338717 -0.0625371837067982 3.9838195036065067
2.22083339645238 -0.060719184051808095 3.895494911033498
2.1958177773383847 -0.06253718370660868 3.983819503598844
2.220833396451722 -0.06071918405217651 3.8954949110284502
2.195817777338558 -0.06253718370657994 3.9838195036027564
2.220833396452307 -0.06071918405193539 3.8954949110329533
2.1958177773384087 -0.06253718370693824 3.9838195035995962
2.220833396452031 -0.06071918405098873 3.895494911030605
2.1958177773385326 -0.06253718370704865 3.9838195036024824
2.2208333964518197 -0.06071918405162103 3.8954949110290915
2.1958177773384144 -0.06253718370606935 3.9838195035991646
2.2208333964518143 -0.06071918405026329 3.895494911028761
2.195817777338404 -0.06253718370353895 3.983819503597295
2.220833396451923 -0.06071918404765026 3.8954949110290507
2.1958177773386067 -0.06253718370256049 3.9838195036012616
2.2208333964526137 -0.0607191840455259 3.8954949110339787
2.1958177773389416 -0.06253718369946171 3.9838195036068575
2.220833396452985 -0.06071918404390357 3.8954949110365256
2.19581777733889 -0.06253718369813004 3.9838195036048267
2.220833396452924 -0.06071918404190967 3.8954949110356254
2.195817777338675 -0.06253718369757691 3.9838195035995945
2.2208333964519924 -0.06071918404443014 3.895494911028907
2.1958177773385987 -0.06253718369889906 3.983819503598709
2.2208333964514897 -0.060719184045255815 3.8954949110251635
2.1958177773383385 -0.06253718370145836 3.983819503594456
2.22083339645157 -0.060719184047087406 3.8954949110261814
2.195817777338487 -0.06253718370314557 3.983819503598916
2.2208333964517597 -0.06071918404722188 3.8954949110276846
2.195817777338513 -0.06253718370185614 3.9838195035986783
2.220833396451788 -0.06071918404621149 3.8954949110276926
2.195817777338722 -0.0625371836984883 3.9838195036012505
2.220833396452576 -0.06071918404326615 3.8954949110332038
2.1958177773386303 -0.06253718369954261 3.9838195035998476
2.2208333964523543 -0.06071918404530611 3.8954949110319115
2.1958177773386747 -0.06253718370258293 3.983819503602814
2.220833396451866 -0.06071918404716704 3.8954949110284995
2.195817777338401 -0.06253718370260587 3.983819503596618
2.220833396451299 -0.06071918404860439 3.895494911024393
2.1958177773383056 -0.06253718370490342 3.9838195035959445
2.2208333964517095 -0.06071918405061869 3.895494911028018
2.195817777338385 -0.06253718370616268 3.9838195035985575
2.2208333964526243 -0.060719184051832534 3.895494911035406
2.195817777338764 -0.0625371837046198 3.983819503606169
2.220833396452749 -0.06071918404722376 3.895494911035396
2.19581777733866 -0.06253718370259617 3.9838195036024904
2.2208333964519946 -0.06071918404698303 3.8954949110294654
2.1958177773382586 -0.0625371837039125 3.9838195035942316
2.220833396451455 -0.060719184050329465 3.8954949110259767
2.195817777338187 -0.06253718370512891 3.9838195035934048
2.2208333964509404 -0.06071918405238559 3.8954949110224044
2.195817777338091 -0.06253718370739375 3.9838195035926836
2.2208333964509954 -0.0607191840528722 3.8954949110229364
2.195817777338078 -0.06253718370660384 3.9838195035918664
2.2208333964500437 -0.06071918404936164 3.8954949110147763
2.1958177773380654 -0.06253718370445692 3.9838195035901967
2.2208333964506357 -0.06071918405032532 3.8954949110195902
2.195817777338203 -0.06253718370408415 3.9838195035930903
2.2208333964511113 -0.06071918404729544 3.8954949110226487
2.195817777338324 -0.06253718370067524 3.983819503593625
2.220833396451515 -0.060719184045405536 3.895494911025389
2.1958177773385836 -0.06253718370088027 3.9838195035996566
2.2208333964520537 -0.06071918404654298 3.8954949110298327
2.1958177773386467 -0.06253718370124901 3.98381950360132
2.2208333964520146 -0.060719184047096586 3.895494911029644
2.1958177773385796 -0.0625371837019849 3.983819503600275
2.2208333964517952 -0.060719184047988255 3.895494911028126
2.195817777338181 -0.0625371837041772 3.983819503592639
2.2208333964517033 -0.06071918405043643 3.895494911027932
2.195817777338446 -0.06253718370476445 3.9838195035990376
2.2208333964519302 -0.06071918404880324 3.895494911029352
2.195817777338412 -0.06253718370477325 3.983819503598273
2.2208333964515696 -0.0607191840516744 3.8954949110271544
2.195817777338272 -0.06253718370610431 3.9838195035959445
2.220833396451638 -0.06071918405056986 3.895494911027455
2.1958177773382794 -0.06253718370702192 3.983819503596718
2.2208333964515217 -0.06071918404959597 3.8954949110263346
2.195817777338484 -0.06253718370542671 3.983819503600321
2.220833396451932 -0.06071918405130728 3.895494911029899
2.1958177773386005 -0.06253718370559694 3.983819503603089
2.220833396453255 -0.060719184049839274 3.89549491103989
2.1958177773389336 -0.06253718370364723 3.9838195036093813
2.220833396452846 -0.06071918404989867 3.89549491103672
2.195817777338675 -0.06253718370498422 3.9838195036043818
2.220833396452249 -0.06071918404901874 3.8954949110318826
2.1958177773384673 -0.06253718370684769 3.9838195036008703
2.2208333964528046 -0.06071918404968336 3.8954949110363493
2.1958177773388536 -0.06253718370306134 3.9838195036071826
2.220833396452406 -0.06071918404787912 3.895494911032862
2.195817777338611 -0.06253718370306614 3.9838195036016795
2.220833396452366 -0.060719184047741306 3.8954949110325194
2.1958177773386516 -0.06253718370297946 3.9838195036025392
2.220833396451211 -0.060719184050273434 3.8954949110240613
2.1958177773381062 -0.0625371837072307 3.9838195035929167
2.220833396451642 -0.060719184050187516 3.8954949110274004
2.195817777338133 -0.06253718370796196 3.983819503593998
2.220833396451524 -0.06071918405213604 3.895494911026896
2.1958177773385343 -0.06253718370465132 3.9838195036009703
2.2208333964513987 -0.06071918405031559 3.8954949110255335
2.1958177773384047 -0.0625371837043207 3.983819503597821
2.2208333964511153 -0.06071918405088275 3.895494911023448
2.195817777338358 -0.0625371837048122 3.983819503597079
2.220833396451699 -0.060719184052086546 3.8954949110282486
2.1958177773384175 -0.06253718370590694 3.983819503599138
2.220833396451367 -0.06071918405109493 3.895494911025454
2.1958177773384344 -0.06253718370492954 3.983819503598882
2.220833396452014 -0.06071918405040248 3.8954949110303456
2.195817777338343 -0.06253718370408129 3.9838195035962567
2.220833396451611 -0.06071918404868002 3.8954949110268373
2.1958177773382257 -0.06253718370213439 3.983819503592339
2.220833396451295 -0.060719184046817344 3.895494911023981
2.195817777338395 -0.06253718370313954 3.9838195035968322
2.220833396451567 -0.060719184048752844 3.8954949110265105
2.195817777338206 -0.06253718370331715 3.983819503592666
2.2208333964516167 -0.060719184047983876 3.895494911026736
2.1958177773383443 -0.0625371837043341 3.983819503596452
2.2208333964518068 -0.060719184048838866 3.8954949110284
2.1958177773385392 -0.06253718370348961 3.9838195036003254
2.220833396452275 -0.06071918404768454 3.8954949110317965
2.1958177773386196 -0.06253718370277118 3.9838195036016923
2.220833396452287 -0.06071918404717263 3.8954949110317836
2.1958177773387426 -0.06253718370222962 3.983819503604134
2.220833396452887 -0.06071918404706714 3.895494911036435
2.1958177773389504 -0.06253718370114446 3.983819503608152
2.220833396453414 -0.06071918404603731 3.8954949110403194
2.1958177773388403 -0.06253718370153218 3.9838195036059005
2.2208333964528135 -0.06071918404721812 3.8954949110358976
2.1958177773389336 -0.06253718370071358 3.983819503607479
2.2208333964529663 -0.06071918404712113 3.8954949110370647
2.195817777338871 -0.06253718370081573 3.9838195036061292
2.2208333964541906 -0.06071918404545946 3.8954949110462516
2.195817777339286 -0.06253718370019468 3.9838195036151487
2.2208333964545726 -0.06071918404654818 3.8954949110494566
2.1958177773392475 -0.06253718370238649 3.9838195036156883
2.220833396453665 -0.06071918404866512 3.895494911042836
2.1958177773389314 -0.06253718370133617 3.983819503607832
2.220833396452723 -0.06071918404689537 3.895494911035121
2.1958177773386787 -0.06253718370076147 3.983819503601733
2.2208333964524276 -0.060719184045006584 3.895494911032416
2.195817777338601 -0.06253718370067336 3.983819503599906
2.2208333964522957 -0.06071918404854182 3.895494911032142
2.1958177773385086 -0.06253718370524249 3.9838195036007624
2.2208333964523863 -0.060719184051096636 3.895494911033393
2.195817777338739 -0.06253718370527685 3.983819503606016
2.2208333964517952 -0.06071918405028842 3.895494911028616
2.195817777338373 -0.06253718370687135 3.9838195035987374
2.220833396452178 -0.06071918405147389 3.895494911031851
2.1958177773386174 -0.06253718370596095 3.9838195036037067
2.2208333964528904 -0.06071918404993195 3.89549491103707
2.1958177773387044 -0.06253718370589559 3.983819503605633
2.2208333964523694 -0.06071918405118796 3.8954949110332797
2.1958177773384135 -0.06253718370601467 3.98381950359911
2.2208333964517486 -0.060719184052522676 3.895494911028731
2.195817777338439 -0.06253718370660973 3.9838195036000714
2.2208333964522415 -0.06071918405096733 3.895494911032237
2.1958177773385446 -0.06253718370681768 3.9838195036026045
2.220833396451997 -0.06071918405045481 3.895494911030222
2.1958177773385086 -0.06253718370721191 3.9838195036020396
2.22083339645223 -0.06071918405227034 3.895494911032426
2.1958177773384433 -0.06253718370551535 3.9838195035994612
2.2208333964516584 -0.0607191840494877 3.8954949110273813
2.1958177773383163 -0.06253718370423422 3.9838195035957424
2.2208333964517735 -0.06071918404983282 3.895494911028348
2.1958177773384002 -0.06253718370449232 3.9838195035978248
2.2208333964511984 -0.0607191840482246 3.895494911023525
2.195817777338391 -0.06253718370381574 3.983819503597175
2.2208333964515408 -0.06071918404969027 3.895494911026508
2.1958177773384056 -0.06253718370564897 3.9838195035986983
2.2208333964523086 -0.06071918405142712 3.8954949110328547
2.195817777338456 -0.06253718370462422 3.9838195035991832
2.2208333964525457 -0.06071918405040665 3.895494911034486
2.195817777338461 -0.06253718370388996 3.983819503598803
2.220833396451349 -0.060719184047459865 3.8954949110245365
2.195817777338307 -0.06253718370096949 3.9838195035934203
2.220833396451305 -0.0607191840468492 3.895494911024065
2.1958177773381458 -0.06253718370447287 3.9838195035920316
2.2208333964516584 -0.060719184049431434 3.8954949110273667
2.1958177773385055 -0.06253718370262348 3.9838195035990003
2.2208333964515066 -0.06071918404687741 3.8954949110256405
2.1958177773381555 -0.06253718370293997 3.9838195035912634
2.2208333964511056 -0.060719184047876136 3.895494911022731
2.195817777338472 -0.06253718370414987 3.9838195035992303
2.220833396451822 -0.06071918404962441 3.8954949110286825
2.1958177773383447 -0.06253718370480157 3.983819503596759
2.2208333964512486 -0.060719184052321476 3.8954949110247914
2.1958177773384917 -0.06253718370604763 3.983819503600906
2.220833396451911 -0.060719184053371476 3.8954949110301746
2.1958177773380996 -0.06253718370885594 3.9838195035938204
2.220833396450867 -0.060719184054047644 3.8954949110221846
2.1958177773380028 -0.06253718370966027 3.983819503592137
2.220833396450081 -0.06071918405469188 3.895494911016202
2.1958177773379886 -0.06253718371079095 3.983819503592544
2.2208333964506597 -0.06071918405612057 3.895494911021014
2.1958177773379273 -0.0625371837094844 3.983819503590314
2.2208333964504825 -0.060719184054575534 3.8954949110193033
2.1958177773381227 -0.06253718370950852 3.9838195035947717
2.2208333964511366 -0.0607191840544651 3.895494911024374
2.195817777338 -0.06253718370833536 3.9838195035912216
2.2208333964509945 -0.06071918405341403 3.895494911023046
2.195817777338218 -0.06253718370727633 3.9838195035954835
2.2208333964514337 -0.06071918405106961 3.8954949110259665
2.195817777338096 -0.06253718370557426 3.9838195035916235
2.220833396451036 -0.06071918405183598 3.895494911023029
2.195817777337978 -0.062537183708729 3.9838195035909676
2.2208333964508093 -0.06071918405257743 3.895494911021424
2.1958177773379615 -0.06253718370952147 3.983819503591107
2.2208333964514178 -0.06071918405383915 3.8954949110264336
2.1958177773380823 -0.06253718371060625 3.983819503594555
2.2208333964511344 -0.06071918405413935 3.895494911024289
2.195817777338119 -0.0625371837065977 3.9838195035927972
2.220833396450935 -0.06071918405158303 3.8954949110221917
2.1958177773382612 -0.06253718370688524 3.983819503596215
2.2208333964520577 -0.06071918405089421 3.8954949110307906
2.1958177773384846 -0.06253718370689894 3.983819503601294
2.2208333964524622 -0.06071918405241536 3.8954949110342665
2.19581777733884 -0.06253718370819727 3.9838195036101975
2.2208333964527847 -0.06071918405319501 3.895494911036942
2.1958177773385232 -0.06253718370771638 3.983819503602694
2.2208333964521274 -0.060719184051926035 3.8954949110315535
2.1958177773384784 -0.06253718370788396 3.983819503601789
2.220833396452022 -0.060719184054053084 3.895494911031187
2.195817777338514 -0.0625371837081436 3.983819503602766
2.220833396451929 -0.06071918405422917 3.895494911030497
2.195817777338113 -0.06253718370725773 3.9838195035930863
2.2208333964511846 -0.06071918405192788 3.8954949110242056
2.1958177773380334 -0.06253718370895456 3.9838195035923754
2.2208333964507654 -0.06071918405423929 3.895494911021434
2.1958177773380334 -0.06253718370919563 3.983819503592539
2.220833396451187 -0.06071918405348886 3.8954949110245582
2.195817777338398 -0.06253718370709554 3.9838195035994564
2.2208333964519107 -0.06071918405261692 3.895494911030013
2.1958177773384566 -0.06253718370691132 3.983819503600669
2.22083339645293 -0.060719184050914594 3.8954949110375883
2.1958177773386076 -0.06253718370604508 3.9838195036035344
2.2208333964528095 -0.06071918405164217 3.8954949110368053
2.195817777338647 -0.06253718370495512 3.983819503603731
2.2208333964529454 -0.06071918404903087 3.8954949110373094
2.195817777338803 -0.06253718370409635 3.9838195036067154
2.220833396453006 -0.060719184049372044 3.8954949110378525
2.19581777733882 -0.06253718370128566 3.983819503605272
2.2208333964522704 -0.06071918404709175 3.8954949110316384
2.1958177773387657 -0.062537183700904 3.983819503603801
2.2208333964526754 -0.06071918404714475 3.895494911034802
2.1958177773387253 -0.06253718370127125 3.983819503603116
2.2208333964532416 -0.0607191840456398 3.895494911038897
2.1958177773389873 -0.06253718369935175 3.983819503607832
2.220833396453071 -0.060719184045499426 3.895494911037539
2.1958177773388945 -0.06253718370133413 3.983819503606991
2.2208333964527798 -0.06071918404856838 3.89549491103592
2.1958177773383647 -0.06253718370579808 3.983819503597859
